id,date,count,growth
AFG,1961,300.0,
AFG,1962,300.0,0.0
AFG,1963,300.0,0.0
AFG,1964,300.0,0.0
AFG,1965,300.0,0.0
AFG,1966,300.0,0.0
AFG,1967,400.0,0.2876820724517808
AFG,1968,400.0,0.0
AFG,1969,460.0,0.13976194237515926
AFG,1970,460.0,0.0
AFG,1971,560.0,0.19671029424605369
AFG,1972,560.0,0.0
AFG,1973,560.0,0.0
AFG,1974,560.0,0.0
AFG,1975,660.0,0.16430305129127643
AFG,1976,770.0,0.15415067982725805
AFG,1977,770.0,0.0
AFG,1978,770.0,0.0
AFG,1979,770.0,0.0
AFG,1980,870.0,0.12210269680090047
AFG,1981,870.0,0.0
AFG,1982,870.0,0.0
AFG,1983,970.0,0.10880285984879912
AFG,1984,970.0,0.0
AFG,1985,970.0,0.0
AFG,1986,970.0,0.0
AFG,1987,1170.0,0.18746295629437348
AFG,1988,1170.0,0.0
AFG,1989,1170.0,0.0
AFG,1990,1400.0,0.17946848781154756
AFG,1991,1400.0,0.0
AFG,1992,1500.0,0.06899287148695166
AFG,1993,1500.0,0.0
AFG,1994,1600.0,0.06453852113757108
AFG,1995,1600.0,0.0
AFG,1996,1600.0,0.0
AFG,1997,1550.0,-0.031748698314579826
AFG,1998,1500.0,-0.032789822822991255
AFG,1999,1500.0,0.0
AFG,2000,1300.0,-0.14310084364067333
AFG,2001,1250.0,-0.03922071315328157
AFG,2002,1350.0,0.076961041136129
AFG,2003,1350.0,0.0
AFG,2004,1450.0,0.07145896398214457
AFG,2005,1450.0,0.0
AFG,2006,1450.0,0.0
AFG,2007,2050.0,0.34627623671783336
AFG,2008,2050.0,0.0
AFG,2009,2050.0,0.0
AFG,2010,3250.0,0.46081520319132885
AFG,2011,4000.0,0.2076393647782453
AFG,2012,4780.0,0.17814618538347382
AFG,2013,5560.0,0.15115756175912587
AFG,2014,6360.0,0.13443026908954003
AFG,2015,7200.0,0.1240526486699789
AFG,2016,8050.0,0.11159106540846331
AFG,2017,9000.0,0.11155248590574729
AFG,2018,10000.0,0.10536051565782678
AFG,2019,10100.0,0.009950330853166989
AFG,2020,10100.0,0.0
AGO,1961,5300.0,
AGO,1962,5500.0,0.03704127168034965
AGO,1963,5500.0,0.0
AGO,1964,5500.0,0.0
AGO,1965,5800.0,0.05310982531394792
AGO,1966,5800.0,0.0
AGO,1967,6000.0,0.03390155167568132
AGO,1968,6000.0,0.0
AGO,1969,6000.0,0.0
AGO,1970,6000.0,0.0
AGO,1971,6000.0,0.0
AGO,1972,6000.0,0.0
AGO,1973,6500.0,0.08004270767353638
AGO,1974,6500.0,0.0
AGO,1975,7000.0,0.07410797215372256
AGO,1976,7000.0,0.0
AGO,1977,7000.0,0.0
AGO,1978,7000.0,0.0
AGO,1979,7000.0,0.0
AGO,1980,7500.0,0.06899287148695166
AGO,1981,7500.0,0.0
AGO,1982,7500.0,0.0
AGO,1983,7500.0,0.0
AGO,1984,7500.0,0.0
AGO,1985,7500.0,0.0
AGO,1986,8000.0,0.06453852113757108
AGO,1987,8000.0,0.0
AGO,1988,8000.0,0.0
AGO,1989,8000.0,0.0
AGO,1990,8000.0,0.0
AGO,1991,7000.0,-0.13353139262452274
AGO,1992,7000.0,0.0
AGO,1993,7000.0,0.0
AGO,1994,7000.0,0.0
AGO,1995,6000.0,-0.15415067982725894
AGO,1996,6000.0,0.0
AGO,1997,6000.0,0.0
AGO,1998,6000.0,0.0
AGO,1999,6000.0,0.0
AGO,2000,7000.0,0.15415067982725894
AGO,2001,8010.0,0.1347806120249544
AGO,2002,9050.0,0.12207399663156693
AGO,2003,10070.0,0.1067959490186361
AGO,2004,10090.0,0.001984127635047628
AGO,2005,10130.0,0.003956483895073859
AGO,2006,10660.0,0.05099710047710637
AGO,2007,24410.0,0.8284944656671698
AGO,2008,25310.0,0.03620669015216471
AGO,2009,15040.0,-0.5204862560353387
AGO,2010,18310.0,0.19673404016472595
AGO,2011,21310.0,0.15172908742410485
AGO,2012,24310.0,0.1317113422175069
AGO,2013,28060.0,0.1434572863462833
AGO,2014,29190.0,0.039481110191708524
AGO,2015,39390.0,0.29968579211679014
AGO,2016,18720.0,-0.7439195059333681
AGO,2017,24940.0,0.28688046920244403
AGO,2018,30770.0,0.21006724908206031
AGO,2019,25430.0,-0.19061060989992207
AGO,2020,25430.0,0.0
ALB,1961,1100.0,
ALB,1962,1000.0,-0.09531017980432477
ALB,1963,1000.0,0.0
ALB,1964,1000.0,0.0
ALB,1965,1400.0,0.33647223662121295
ALB,1966,1400.0,0.0
ALB,1967,1700.0,0.19415601444095731
ALB,1968,2000.0,0.16251892949777513
ALB,1969,2400.0,0.1823215567939549
ALB,1970,2700.0,0.11778303565638293
ALB,1971,2700.0,0.0
ALB,1972,2700.0,0.0
ALB,1973,2700.0,0.0
ALB,1974,3000.0,0.10536051565782589
ALB,1975,3000.0,0.0
ALB,1976,3000.0,0.0
ALB,1977,3000.0,0.0
ALB,1978,3000.0,0.0
ALB,1979,3000.0,0.0
ALB,1980,3000.0,0.0
ALB,1981,3030.0,0.009950330853168765
ALB,1982,3380.0,0.10931308997365008
ALB,1983,3060.0,-0.09946079353063908
ALB,1984,2720.0,-0.11778303565638293
ALB,1985,3080.0,0.12429771667757716
ALB,1986,3200.0,0.03822121282019886
ALB,1987,2440.0,-0.2711527705005716
ALB,1988,2840.0,0.151806012868005
ALB,1989,2860.0,0.00701757265864611
ALB,1990,2170.0,-0.27609445727939264
ALB,1991,980.0,-0.7949298748698883
ALB,1992,1020.0,0.04000533461369926
ALB,1993,950.0,-0.07109592168372991
ALB,1994,800.0,-0.17185025692665956
ALB,1995,290.0,-1.0147308046874075
ALB,1996,430.0,0.39390428570708824
ALB,1997,190.0,-0.8167611365271217
ALB,1998,740.0,1.359626114037729
ALB,1999,850.0,0.13858616328614737
ALB,2000,960.0,0.12169693497751943
ALB,2001,1440.0,0.4054651081081646
ALB,2002,1480.0,0.02739897418811399
ALB,2003,1560.0,0.052643733485422395
ALB,2004,1860.0,0.1758906664636637
ALB,2005,2150.0,0.14489135441446166
ALB,2006,2130.0,-0.009345862418237871
ALB,2007,2590.0,0.19553589599011278
ALB,2008,2500.0,-0.03536714383729134
ALB,2009,2660.0,0.06203539091945309
ALB,2010,2400.0,-0.1028573854397079
ALB,2011,2210.0,-0.08247622182423875
ALB,2012,1820.0,-0.19415601444095731
ALB,2013,1860.0,0.02173998663640564
ALB,2014,1970.0,0.05745705502478771
ALB,2015,1940.0,-0.015345569674660275
ALB,2016,2050.0,0.05515182007507935
ALB,2017,2440.0,0.1741582461547937
ALB,2018,2440.0,0.0
ALB,2019,2440.0,0.0
ALB,2020,2440.0,0.0
ANT,1961,,
ANT,1962,,
ANT,1963,,
ANT,1964,,
ANT,1965,,
ANT,1966,,
ANT,1967,,
ANT,1968,,
ANT,1969,,
ANT,1970,,
ANT,1971,,
ANT,1972,,
ANT,1973,,
ANT,1974,,
ANT,1975,,
ANT,1976,,
ANT,1977,,
ANT,1978,,
ANT,1979,,
ANT,1980,,
ANT,1981,,
ANT,1982,,
ANT,1983,,
ANT,1984,,
ANT,1985,,
ANT,1986,,
ANT,1987,,
ANT,1988,,
ANT,1989,,
ANT,1990,,
ANT,1991,,
ANT,1992,,
ANT,1993,,
ANT,1994,,
ANT,1995,,
ANT,1996,,
ANT,1997,,
ANT,1998,,
ANT,1999,,
ANT,2000,,
ANT,2001,,
ANT,2002,,
ANT,2003,,
ANT,2004,,
ANT,2005,,
ANT,2006,,
ANT,2007,,
ANT,2008,,
ANT,2009,,
ANT,2010,,
ARE,1961,0.0,
ARE,1962,0.0,
ARE,1963,0.0,
ARE,1964,0.0,
ARE,1965,0.0,
ARE,1966,0.0,
ARE,1967,0.0,
ARE,1968,0.0,
ARE,1969,0.0,
ARE,1970,0.0,
ARE,1971,0.0,
ARE,1972,0.0,
ARE,1973,0.0,
ARE,1974,0.0,
ARE,1975,0.0,
ARE,1976,0.0,
ARE,1977,0.0,
ARE,1978,0.0,
ARE,1979,0.0,
ARE,1980,0.0,
ARE,1981,60.0,inf
ARE,1982,20.0,-1.0986122886681096
ARE,1983,20.0,0.0
ARE,1984,20.0,0.0
ARE,1985,20.0,0.0
ARE,1986,30.0,0.4054651081081646
ARE,1987,30.0,0.0
ARE,1988,30.0,0.0
ARE,1989,30.0,0.0
ARE,1990,30.0,0.0
ARE,1991,30.0,0.0
ARE,1992,30.0,0.0
ARE,1993,40.0,0.2876820724517808
ARE,1994,40.0,0.0
ARE,1995,50.0,0.2231435513142097
ARE,1996,50.0,0.0
ARE,1997,50.0,0.0
ARE,1998,50.0,0.0
ARE,1999,60.0,0.18232155679395445
ARE,2000,60.0,0.0
ARE,2001,60.0,0.0
ARE,2002,70.0,0.15415067982725894
ARE,2003,60.0,-0.15415067982725894
ARE,2004,60.0,0.0
ARE,2005,60.0,0.0
ARE,2006,60.0,0.0
ARE,2007,60.0,0.0
ARE,2008,130.0,0.7731898882334818
ARE,2009,200.0,0.4307829160924541
ARE,2010,190.0,-0.05129329438755015
ARE,2011,190.0,0.0
ARE,2012,160.0,-0.17185025692665956
ARE,2013,230.0,0.362905493689369
ARE,2014,240.0,0.04255961441879563
ARE,2015,240.0,0.0
ARE,2016,170.0,-0.34484048629172914
ARE,2017,380.0,0.8043728156701695
ARE,2018,380.0,0.0
ARE,2019,380.0,0.0
ARE,2020,380.0,0.0
ARG,1961,14300.0,
ARG,1962,10000.0,-0.35767444427181516
ARG,1963,11900.0,0.17395330712343693
ARG,1964,14800.0,0.21808878065258597
ARG,1965,13010.0,-0.12890888824565572
ARG,1966,10110.0,-0.2521932594920333
ARG,1967,13110.0,0.25985026474322837
ARG,1968,11110.0,-0.1655296941240696
ARG,1969,11620.0,0.04488214777222588
ARG,1970,5420.0,-0.7626319359722107
ARG,1971,5720.0,0.05387298994015133
ARG,1972,6330.0,0.1013314307643789
ARG,1973,7630.0,0.18678760914028025
ARG,1974,10220.0,0.2922587394791929
ARG,1975,15110.0,0.3910101915090909
ARG,1976,9890.0,-0.4238326306500273
ARG,1977,10490.0,0.05889827677358461
ARG,1978,15140.0,0.36691782560109587
ARG,1979,16160.0,0.06519880508364828
ARG,1980,8500.0,-0.6424728895966787
ARG,1981,9790.0,0.14129529304614685
ARG,1982,15520.0,0.4607680582126541
ARG,1983,14740.0,-0.05156462799388173
ARG,1984,9690.0,-0.41947046085851625
ARG,1985,9960.0,0.027482645693831742
ARG,1986,9080.0,-0.09250287898330356
ARG,1987,8290.0,-0.09102422346599859
ARG,1988,10950.0,0.27828948711530543
ARG,1989,11100.0,0.01360565205577835
ARG,1990,10630.0,-0.04326491596443205
ARG,1991,10630.0,0.0
ARG,1992,11630.0,0.08990777417671758
ARG,1993,12450.0,0.06813265638014343
ARG,1994,13480.0,0.0794864825734436
ARG,1995,18600.0,0.3219544752349961
ARG,1996,20440.0,0.09433218461634674
ARG,1997,23990.0,0.16014331151609973
ARG,1998,24200.0,0.008715556311038597
ARG,1999,28730.0,0.17158923982855612
ARG,2000,32080.002,0.11029097235125462
ARG,2001,16790.0,-0.6474493742530036
ARG,2002,19830.0,0.16641247144225524
ARG,2003,28150.0,0.3503514120539961
ARG,2004,35560.0,0.23367405606000347
ARG,2005,35840.0,0.007843177461026585
ARG,2006,35980.0,0.0038986404156577947
ARG,2007,22480.0,-0.4703372034968982
ARG,2008,13690.0,-0.495960385725132
ARG,2009,18600.0,0.3064959414187989
ARG,2010,17860.0,-0.04059800527080348
ARG,2011,21100.0,0.16670946503366757
ARG,2012,17170.0,-0.2061093655726367
ARG,2013,16049.999,-0.06745488763865737
ARG,2014,18560.0,0.1452999400873285
ARG,2015,22500.0,0.19250658185231906
ARG,2016,22530.0,0.001332445233778401
ARG,2017,25590.0,0.12735389572754485
ARG,2018,23390.0,-0.08989306957560927
ARG,2019,28050.0,0.18168005137261822
ARG,2020,28050.0,0.0
ARM,1992,4450.0,
ARM,1993,4100.0,-0.08191712246788718
ARM,1994,2600.0,-0.45547552868282537
ARM,1995,1940.0,-0.2928234719521994
ARM,1996,1230.0,-0.45567380369091115
ARM,1997,1240.0,0.00809721023262
ARM,1998,1070.0,-0.1474527311431313
ARM,1999,1730.0,0.4804627600358726
ARM,2000,2010.0,0.15001331356129732
ARM,2001,2190.0,0.08576682175742523
ARM,2002,1080.0,-0.706940502692281
ARM,2003,870.0,-0.21622310846963622
ARM,2004,220.0,-1.3748656652962676
ARM,2005,230.0,0.04445176257083361
ARM,2006,400.0,0.5533852381847861
ARM,2007,3920.0,2.2823823856765264
ARM,2008,4570.0,0.153421551103742
ARM,2009,5040.0,0.09789287717716455
ARM,2010,4600.0,-0.09134977858822779
ARM,2011,5500.0,0.1786917887433752
ARM,2012,7270.0,0.27900819930700216
ARM,2013,10880.0,0.4031699498823702
ARM,2014,14040.0,0.2549841571698668
ARM,2015,15860.0,0.12188981760903772
ARM,2016,16710.0,0.05220712640060121
ARM,2017,15710.0,-0.06170989033977392
ARM,2018,17040.0,0.08126606913364043
ARM,2019,17630.0,0.034038475008609126
ARM,2020,17630.0,0.0
ATG,1961,,
ATG,1962,,
ATG,1963,,
ATG,1964,,
ATG,1965,,
ATG,1966,,
ATG,1967,,
ATG,1968,,
ATG,1969,,
ATG,1970,,
ATG,1971,,
ATG,1972,,
ATG,1973,,
ATG,1974,,
ATG,1975,,
ATG,1976,,
ATG,1977,,
ATG,1978,,
ATG,1979,,
ATG,1980,,
ATG,1981,,
ATG,1982,,
ATG,1983,,
ATG,1984,,
ATG,1985,,
ATG,1986,,
ATG,1987,,
ATG,1988,,
ATG,1989,,
ATG,1990,,
ATG,1991,,
ATG,1992,,
ATG,1993,,
ATG,1994,,
ATG,1995,,
ATG,1996,,
ATG,1997,,
ATG,1998,,
ATG,1999,,
ATG,2000,,
ATG,2001,,
ATG,2002,,
ATG,2003,,
ATG,2004,,
ATG,2005,,
ATG,2006,,
ATG,2007,,
ATG,2008,,
ATG,2009,,
ATG,2010,0.0,
ATG,2011,0.0,
ATG,2012,10.0,inf
ATG,2013,10.0,0.0
ATG,2014,10.0,0.0
ATG,2015,10.0,0.0
ATG,2016,10.0,0.0
ATG,2017,10.0,0.0
ATG,2018,10.0,0.0
ATG,2019,10.0,0.0
ATG,2020,10.0,0.0
AUS,1961,600.0,
AUS,1962,600.0,0.0
AUS,1963,600.0,0.0
AUS,1964,500.0,-0.1823215567939549
AUS,1965,800.0,0.4700036292457357
AUS,1966,800.0,0.0
AUS,1967,900.0,0.11778303565638382
AUS,1968,1000.0,0.10536051565782589
AUS,1969,1300.0,0.2623642644674913
AUS,1970,900.0,-0.3677247801253172
AUS,1971,1100.0,0.20067069546215066
AUS,1972,1500.0,0.31015492830383984
AUS,1973,2100.0,0.33647223662121295
AUS,1974,2110.0,0.004750602758598177
AUS,1975,2370.0,0.11620200765906397
AUS,1976,2590.0,0.08876792056440674
AUS,1977,3280.0,0.23618554668460678
AUS,1978,3310.0,0.009104766992917845
AUS,1979,3120.0,-0.0591151875675795
AUS,1980,3210.0,0.028437935320532404
AUS,1981,3270.0,0.01851904776723856
AUS,1982,3920.0,0.18130166889320876
AUS,1983,3700.0,-0.057758834152192406
AUS,1984,4490.0,0.19351988210398474
AUS,1985,3990.0,-0.11806147085239083
AUS,1986,3650.0,-0.08906406330737227
AUS,1987,4820.0,0.27804676046810783
AUS,1988,6240.0,0.2582062543188286
AUS,1989,7440.0,0.1758906664636637
AUS,1990,8010.0,0.07381991223526718
AUS,1991,9010.0,0.11764431053997981
AUS,1992,10670.0,0.16910099369341403
AUS,1993,10380.0,-0.027555187575918794
AUS,1994,8340.0,-0.2188176613670869
AUS,1995,10540.0,0.23411432674256005
AUS,1996,12570.0,0.1761354794889396
AUS,1997,12840.0,0.021252275659659148
AUS,1998,12500.0,-0.026836653953559164
AUS,1999,14300.0,0.13453089295760634
AUS,2000,16250.0,0.12783337150988494
AUS,2001,18290.0,0.11826155362702728
AUS,2002,20240.0,0.10130638201649056
AUS,2003,21030.0,0.03828914529534444
AUS,2004,22030.0,0.04645517109964281
AUS,2005,23900.0,0.08147329812321402
AUS,2006,28190.0,0.16508884618855468
AUS,2007,33690.0,0.17823375229244043
AUS,2008,32680.0,-0.030437787426658147
AUS,2009,37150.0,0.1282005011719658
AUS,2010,39650.0,0.06512717691708758
AUS,2011,45190.0,0.13078487534233219
AUS,2012,52800.0,0.15563536728902783
AUS,2013,50170.0,-0.05109395221605517
AUS,2014,48590.0,-0.03199949007834846
AUS,2015,55470.0,0.13242458564933024
AUS,2016,63030.0,0.12776846945787668
AUS,2017,60510.0,-0.04080216289078997
AUS,2018,70450.0,0.15209459771046063
AUS,2019,63330.0,-0.10654408781635105
AUS,2020,63330.0,0.0
AUT,1961,4000.0,
AUT,1962,4300.0,0.07232066157962613
AUT,1963,4400.0,0.022989518224699523
AUT,1964,4700.0,0.06595796779179608
AUT,1965,4900.0,0.041672696400569365
AUT,1966,4700.0,-0.041672696400569365
AUT,1967,4100.0,-0.13657553500575048
AUT,1968,4000.0,-0.024692612590371255
AUT,1969,3400.0,-0.16251892949777513
AUT,1970,3200.0,-0.06062462181643369
AUT,1971,2900.0,-0.09844007281325329
AUT,1972,2600.0,-0.109199291964992
AUT,1973,2200.0,-0.1670540846631665
AUT,1974,2070.0,-0.060908753086992284
AUT,1975,2040.0,-0.01459879942115272
AUT,1976,2360.0,0.14571181118139354
AUT,1977,2470.0,0.045556531602366945
AUT,1978,3700.0,0.40411466901029325
AUT,1979,4100.0,0.10265415406008316
AUT,1980,4300.0,0.04762804898925488
AUT,1981,4400.0,0.022989518224699523
AUT,1982,4500.0,0.02247285585205816
AUT,1983,4700.0,0.04348511193973792
AUT,1984,4700.0,0.0
AUT,1985,4800.0,0.02105340919783316
AUT,1986,4700.0,-0.02105340919783316
AUT,1987,4600.0,-0.02150620522096247
AUT,1988,5100.0,0.1031842362352311
AUT,1989,5000.0,-0.019802627296179764
AUT,1990,3660.0,-0.31197476502082644
AUT,1991,3640.0,-0.005479465764626212
AUT,1992,3620.0,-0.005509655810968184
AUT,1993,3560.0,-0.016713480973741923
AUT,1994,3490.0,-0.019858808649603432
AUT,1995,3320.0,-0.049936953285937946
AUT,1996,3400.0,0.023810648693718406
AUT,1997,3480.0,0.023256862164267034
AUT,1998,3360.0,-0.03509131981127034
AUT,1999,3500.0,0.0408219945202557
AUT,2000,3290.0,-0.061875403718087085
AUT,2001,2750.0,-0.1792866530988011
AUT,2002,2680.0,-0.02578411715571427
AUT,2003,2600.0,-0.030305349495328926
AUT,2004,2670.0,0.026567027384722053
AUT,2005,2790.0,0.043963123421115746
AUT,2006,2860.0,0.02478002899848697
AUT,2007,2890.0,0.01043487729257997
AUT,2008,2440.0,-0.16925846281923107
AUT,2009,2490.0,0.02028467117150612
AUT,2010,2520.0,0.01197619104671599
AUT,2011,3250.0,0.25439609481831305
AUT,2012,3430.0,0.05390526483620306
AUT,2013,3590.0,0.045591941322339125
AUT,2014,3740.0,0.040933408926253634
AUT,2015,3850.0,0.028987536873252395
AUT,2016,3830.0,-0.0052083451071389675
AUT,2017,4210.0,0.09459784450173636
AUT,2018,4340.0,0.030411700418023102
AUT,2019,4600.0,0.05818195538273585
AUT,2020,4600.0,0.0
AZE,1992,31960.0,
AZE,1993,22890.0,-0.3337849869335976
AZE,1994,19850.0,-0.14249612683127566
AZE,1995,10990.0,-0.591218238717671
AZE,1996,7010.0,-0.44964806736903107
AZE,1997,5350.0,-0.270241140138582
AZE,1998,4910.0,-0.08582261910148681
AZE,1999,21080.0,1.457050781866732
AZE,2000,18930.0,-0.10757675845193049
AZE,2001,10930.0,-0.549236663032783
AZE,2002,11270.0,0.030633025863236796
AZE,2003,6550.0,-0.542679278404524
AZE,2004,9590.0,0.38125583924818685
AZE,2005,9480.0,-0.011536572628417119
AZE,2006,4640.0,-0.7144699500287661
AZE,2007,3790.0,-0.202348347143829
AZE,2008,2490.0,-0.4200833086177189
AZE,2009,2170.0,-0.13755554292424765
AZE,2010,2070.0,-0.04717856027509093
AZE,2011,1440.0,-0.3629054936893681
AZE,2012,1150.0,-0.22488117121275053
AZE,2013,1000.0,-0.13976194237515926
AZE,2014,1050.0,0.04879016416943216
AZE,2015,1080.0,0.028170876966696845
AZE,2016,1290.0,0.17768117723745203
AZE,2017,1590.0,0.20909179785855958
AZE,2018,1990.0,0.22440062250426074
AZE,2019,1610.0,-0.21190045974002913
AZE,2020,1610.0,0.0
BDI,2010,17320.0,
BDI,2011,10720.0,-0.47975074749163227
BDI,2012,12470.0,0.15121460404928833
BDI,2013,13400.0,0.0719289472649205
BDI,2014,16219.999,0.19099028007811825
BDI,2015,21450.0,0.2794796583390422
BDI,2016,23140.0,0.07583807639150564
BDI,2017,20400.0,-0.12602782091536113
BDI,2018,21860.0,0.06912358189822321
BDI,2019,21930.0,0.0031970796814029256
BDI,2020,21930.0,0.0
BEL,2000,2380.0,
BEL,2001,2340.0,-0.016949558313773316
BEL,2002,2350.0,0.004264398786458123
BEL,2003,1770.0,-0.2834357815703301
BEL,2004,1240.0,-0.35586816696879175
BEL,2005,910.0,-0.3094220590881873
BEL,2006,600.0,-0.41651494429474933
BEL,2007,620.0,0.032789822822991255
BEL,2008,580.0,-0.06669137449867257
BEL,2009,990.0,0.5346768395881707
BEL,2010,750.0,-0.27763173659827967
BEL,2011,380.0,-0.6799019538099245
BEL,2012,560.0,0.3877655310087631
BEL,2013,500.0,-0.11332868530700324
BEL,2014,500.0,0.0
BEL,2015,370.0,-0.3011050927839216
BEL,2016,330.0,-0.11441035117774412
BEL,2017,360.0,0.08701137698963013
BEL,2018,360.0,0.0
BEL,2019,360.0,0.0
BEL,2020,360.0,0.0
BEN,1961,22000.0,
BEN,1962,24000.0,0.08701137698962924
BEN,1963,22000.0,-0.08701137698962924
BEN,1964,22000.0,0.0
BEN,1965,16000.0,-0.3184537311185345
BEN,1966,15000.0,-0.06453852113757108
BEN,1967,30000.0,0.6931471805599454
BEN,1968,30000.0,0.0
BEN,1969,30000.0,0.0
BEN,1970,34500.0,0.13976194237515926
BEN,1971,32900.0,-0.047486666265989186
BEN,1972,31600.0,-0.04031553717845959
BEN,1973,31590.0,-0.00031650577887276654
BEN,1974,31400.0,-0.0060327218997855425
BEN,1975,31360.0,-0.0012746974320005933
BEN,1976,32150.002,0.024879317409817858
BEN,1977,32150.002,0.0
BEN,1978,31800.0,-0.010946223105893438
BEN,1979,31800.0,0.0
BEN,1980,34200.0,0.07275935428242697
BEN,1981,34200.0,0.0
BEN,1982,34000.0,-0.005865119452396428
BEN,1983,31000.0,-0.09237332013101529
BEN,1984,31400.0,0.012820688429060922
BEN,1985,31910.0,0.016111547375944113
BEN,1986,31440.0,-0.014838472729145735
BEN,1987,22140.0,-0.3506950402805149
BEN,1988,23660.0,0.06639993126974986
BEN,1989,22890.0,-0.03308572458576542
BEN,1990,21070.0,-0.08284990614837895
BEN,1991,19270.0,-0.08930074538982247
BEN,1992,18380.0,-0.04728636549873322
BEN,1993,22870.0,0.21856289110714933
BEN,1994,22720.0,-0.006580414181739158
BEN,1995,27570.0,0.19348263118275355
BEN,1996,24140.0,-0.13285800936631986
BEN,1997,22660.0,-0.0632689600695251
BEN,1998,21140.0,-0.0694342751577679
BEN,1999,20950.0,-0.009028334073946098
BEN,2000,17250.0,-0.19432650289077635
BEN,2001,20060.0,0.1509156390564197
BEN,2002,19830.0,-0.011531840002085403
BEN,2003,19940.0,0.005531822001987763
BEN,2004,18960.0,-0.050396267706815934
BEN,2005,15060.0,-0.23028927445512792
BEN,2006,22410.0,0.3974650654410876
BEN,2007,23230.0,0.035937258969482855
BEN,2008,22950.0,-0.012126610275764449
BEN,2009,24720.0,0.07429469608293715
BEN,2010,25990.0,0.05009921606390755
BEN,2011,26240.0,0.009573115422488954
BEN,2012,24660.0,-0.062102466339689855
BEN,2013,25300.0,0.025621897997277543
BEN,2014,32369.998,0.24642761041907235
BEN,2015,24700.0,-0.27042876251861614
BEN,2016,31210.0,0.23393531264875733
BEN,2017,31740.0,0.01683915881557496
BEN,2018,31740.0,0.0
BEN,2019,31740.0,0.0
BEN,2020,31740.0,0.0
BFA,1961,2500.0,
BFA,1962,2500.0,0.0
BFA,1963,3000.0,0.182321556793954
BFA,1964,3500.0,0.15415067982725894
BFA,1965,3500.0,0.0
BFA,1966,4000.0,0.13353139262452274
BFA,1967,4500.0,0.11778303565638382
BFA,1968,4500.0,0.0
BFA,1969,4500.0,0.0
BFA,1970,5000.0,0.10536051565782678
BFA,1971,5000.0,0.0
BFA,1972,4000.0,-0.2231435513142106
BFA,1973,5000.0,0.2231435513142106
BFA,1974,5000.0,0.0
BFA,1975,5000.0,0.0
BFA,1976,6000.0,0.18232155679395312
BFA,1977,6000.0,0.0
BFA,1978,7000.0,0.15415067982725894
BFA,1979,7000.0,0.0
BFA,1980,6500.0,-0.07410797215372256
BFA,1981,7500.0,0.1431008436406742
BFA,1982,7000.0,-0.06899287148695166
BFA,1983,7210.0,0.029558802241544058
BFA,1984,7370.0,0.021948754904387968
BFA,1985,7430.0,0.008108152528421897
BFA,1986,7630.0,0.026561986566697726
BFA,1987,7830.0,0.025874664706346806
BFA,1988,7910.0,0.01016527177685056
BFA,1989,8010.0,0.01256297930070538
BFA,1990,7010.0,-0.13335306003376957
BFA,1991,7000.0,-0.0014275519911848278
BFA,1992,7500.0,0.06899287148695166
BFA,1993,7000.0,-0.06899287148695166
BFA,1994,8000.0,0.13353139262452274
BFA,1995,8000.0,0.0
BFA,1996,8029.9995,0.003742924012332338
BFA,1997,8040.0,0.0012446174987061909
BFA,1998,8380.0,0.04141883130311719
BFA,1999,7630.0,-0.0937600691976268
BFA,2000,8510.0,0.10915409728891845
BFA,2001,8510.0,0.0
BFA,2002,8510.0,0.0
BFA,2003,9010.0,0.05709312903496411
BFA,2004,9010.0,0.0
BFA,2005,9050.0,0.004429686091587115
BFA,2006,9700.0,0.06936112779750303
BFA,2007,10500.0,0.07924937165413937
BFA,2008,11500.0,0.0909717782057271
BFA,2009,12010.0,0.04339260072268836
BFA,2010,14730.0,0.20414659438264593
BFA,2011,15210.0,0.03206687579666401
BFA,2012,20500.0,0.29847177987316087
BFA,2013,20700.0,0.009708814126959453
BFA,2014,20900.0,0.009615458699443025
BFA,2015,20950.0,0.0023894873973802078
BFA,2016,22400.0,0.06692231249284752
BFA,2017,22330.0,-0.003129893008926743
BFA,2018,27710.0,0.21586229302281978
BFA,2019,25210.0,-0.09455261767505796
BFA,2020,25210.0,0.0
BGD,1961,394500.0,
BGD,1962,438460.0,0.1056494472970897
BGD,1963,438420.0,-9.123255183673962e-05
BGD,1964,482380.0,0.09555483015251198
BGD,1965,526290.0,0.08712020642550833
BGD,1966,526300.0,1.9000750530295818e-05
BGD,1967,526250.0,-9.500736314116409e-05
BGD,1968,570260.0,0.08031601218249662
BGD,1969,570160.0,-0.00017537398547240457
BGD,1970,598110.0,0.04785766032923
BGD,1971,648020.0,0.08014687655066943
BGD,1972,729010.0,0.11776588926218423
BGD,1973,729960.0,0.0013022887849150067
BGD,1974,730960.0,0.0013690005697508667
BGD,1975,542900.0,-0.2974335977789604
BGD,1976,538800.0,-0.007580696375196538
BGD,1977,530810.0,-0.014940302768051694
BGD,1978,524660.0,-0.011653708019951026
BGD,1979,524540.0,-0.00022874571201469962
BGD,1980,521450.0,-0.0059082954689682055
BGD,1981,522300.0,0.0016287428750310085
BGD,1982,553180.0,0.05744131040485456
BGD,1983,580030.0,0.04739638049364103
BGD,1984,626750.0,0.0774679106976528
BGD,1985,632930.0,0.009812094472687605
BGD,1986,646490.0,0.02119789867709443
BGD,1987,651870.0,0.008287425355270273
BGD,1988,664510.0,0.019204771405565424
BGD,1989,668840.0,0.006494941645447838
BGD,1990,675600.0,0.010056316339177584
BGD,1991,727700.0,0.07428769041939631
BGD,1992,743870.0,0.02197741302998324
BGD,1993,773400.0,0.0389300907901724
BGD,1994,856250.0,0.10176601040323696
BGD,1995,926600.0,0.07895958340611386
BGD,1996,981710.0,0.05777397607537438
BGD,1997,1072330.0,0.08829318102199579
BGD,1998,1149590.0,0.06957150596926276
BGD,1999,1293250.0,0.11775307283444292
BGD,2000,1375500.0,0.06165887148100602
BGD,2001,1463200.0,0.06180851671202525
BGD,2002,1529780.0,0.044498116121257425
BGD,2003,1601570.0,0.045860463918879546
BGD,2004,1717000.0,0.0695941837806835
BGD,2005,1819010.0,0.05771381513164897
BGD,2006,1919660.0,0.053855689978265175
BGD,2007,2020160.0,0.051028629171870676
BGD,2008,2051790.0,0.015535866693101141
BGD,2009,2240480.0,0.08797754573510552
BGD,2010,2330070.0,0.039208181419454036
BGD,2011,2560910.0,0.0944643540326382
BGD,2012,2657120.0,0.036880165398883946
BGD,2013,2821520.0,0.06003291735376948
BGD,2014,2940580.0,0.04133109397515433
BGD,2015,3055070.0,0.03819566481277903
BGD,2016,3193440.0,0.04429620006154167
BGD,2017,3448220.0,0.07675945019084551
BGD,2018,3564390.0,0.033134775360830204
BGD,2019,3672510.0,0.029882420771738083
BGD,2020,3672510.0,0.0
BGR,1961,1100.0,
BGR,1962,1200.0,0.08701137698963013
BGR,1963,1000.0,-0.1823215567939549
BGR,1964,5700.0,1.7404661748405044
BGR,1965,6000.0,0.05129329438755015
BGR,1966,5100.0,-0.16251892949777336
BGR,1967,8500.0,0.5108256237659905
BGR,1968,6500.0,-0.26826398659468076
BGR,1969,7910.0,0.19632560487797157
BGR,1970,8300.0,0.04812773302299078
BGR,1971,6460.0,-0.25062619700804234
BGR,1972,7030.0,0.08455738802806323
BGR,1973,7990.0,0.12800405395560865
BGR,1974,8620.0,0.0758943248974191
BGR,1975,8460.0,-0.018735911057468968
BGR,1976,8290.0,-0.0202992044709287
BGR,1977,9130.0,0.09651572545967291
BGR,1978,8700.0,-0.04824266894633844
BGR,1979,11000.0,0.23457224713783198
BGR,1980,12450.0,0.1238253501123463
BGR,1981,13250.0,0.062276929521514646
BGR,1982,15630.0,0.1651945920011535
BGR,1983,13790.0,-0.12524845262817408
BGR,1984,15670.0,0.12780436456271893
BGR,1985,11970.0,-0.26934453679804804
BGR,1986,14490.0,0.1910552367627094
BGR,1987,13840.0,-0.045895806143066764
BGR,1988,13150.0,-0.05114119156575114
BGR,1989,13130.0,-0.0015220703090683685
BGR,1990,9490.0,-0.32466107569286784
BGR,1991,9270.0,-0.023455233044073154
BGR,1992,9760.0,0.05150902084723796
BGR,1993,9590.0,-0.017571511529654416
BGR,1994,7110.0,-0.299218645080197
BGR,1995,5230.0,-0.3070909657383183
BGR,1996,5930.0,0.12561293493280168
BGR,1997,7340.0,0.21331462961679115
BGR,1998,6590.0,-0.10778549411200977
BGR,1999,10210.0,0.4378142836621599
BGR,2000,4520.0,-0.8148556383324355
BGR,2001,4590.0,0.015368030228314566
BGR,2002,2410.0,-0.6442532765698905
BGR,2003,3330.0,0.32334555648978824
BGR,2004,2580.0,-0.2551829050588257
BGR,2005,2030.0,-0.2397536058798302
BGR,2006,4950.0,0.8913517835269023
BGR,2007,4840.0,-0.02247285585205816
BGR,2008,5780.0,0.1774889619557456
BGR,2009,7540.0,0.26581849933557855
BGR,2010,8350.0,0.10203935684289966
BGR,2011,6410.0,-0.2644022679301852
BGR,2012,6540.0,0.020077894536528973
BGR,2013,10450.0,0.4686648129417126
BGR,2014,8800.0,-0.17185025692665867
BGR,2015,10250.0,0.1525259841002562
BGR,2016,11840.0,0.14420592387144104
BGR,2017,12500.0,0.05424501485239652
BGR,2018,12500.0,0.0
BGR,2019,12500.0,0.0
BGR,2020,12500.0,0.0
BHR,2019,300.0,
BHR,2020,300.0,0.0
BHS,1961,0.0,
BHS,1962,0.0,
BHS,1963,0.0,
BHS,1964,0.0,
BHS,1965,0.0,
BHS,1966,0.0,
BHS,1967,0.0,
BHS,1968,0.0,
BHS,1969,0.0,
BHS,1970,0.0,
BHS,1971,0.0,
BHS,1972,0.0,
BHS,1973,0.0,
BHS,1974,0.0,
BHS,1975,0.0,
BHS,1976,0.0,
BHS,1977,0.0,
BHS,1978,0.0,
BHS,1979,0.0,
BHS,1980,0.0,
BHS,1981,0.0,
BHS,1982,0.0,
BHS,1983,0.0,
BHS,1984,0.0,
BHS,1985,30.0,inf
BHS,1986,30.0,0.0
BHS,1987,20.0,-0.4054651081081646
BHS,1988,40.0,0.6931471805599454
BHS,1989,60.0,0.40546510810816416
BHS,1990,40.0,-0.40546510810816416
BHS,1991,0.0,-inf
BHS,1992,10.0,inf
BHS,1993,0.0,-inf
BHS,1994,0.0,
BHS,1995,0.0,
BHS,1996,0.0,
BHS,1997,0.0,
BHS,1998,0.0,
BHS,1999,0.0,
BHS,2000,0.0,
BHS,2001,0.0,
BHS,2002,0.0,
BHS,2003,0.0,
BHS,2004,0.0,
BHS,2005,0.0,
BHS,2006,0.0,
BHS,2007,0.0,
BHS,2008,0.0,
BHS,2009,0.0,
BHS,2010,0.0,
BHS,2011,0.0,
BHS,2012,0.0,
BHS,2013,0.0,
BHS,2014,0.0,
BHS,2015,0.0,
BHS,2016,0.0,
BHS,2017,0.0,
BHS,2018,0.0,
BHS,2019,0.0,
BHS,2020,0.0,
BIH,1992,200.0,
BIH,1993,200.0,0.0
BIH,1994,200.0,0.0
BIH,1995,200.0,0.0
BIH,1996,250.0,0.2231435513142097
BIH,1997,250.0,0.0
BIH,1998,250.0,0.0
BIH,1999,250.0,0.0
BIH,2000,250.0,0.0
BIH,2001,250.0,0.0
BIH,2002,4670.0,2.9274534328006965
BIH,2003,6630.0,0.350445732516965
BIH,2004,6590.0,-0.0060514556833553
BIH,2005,7120.0,0.07735437690946867
BIH,2006,7660.0,0.07310425832861611
BIH,2007,7440.0,-0.029141134907499477
BIH,2008,7580.0,0.018642350809280117
BIH,2009,7660.0,0.01049878409821936
BIH,2010,7660.0,0.0
BIH,2011,4950.0,-0.43662440717190165
BIH,2012,3790.0,-0.2670215574862631
BIH,2013,3060.0,-0.2139511031300465
BIH,2014,3480.0,0.12861737782209381
BIH,2015,4580.0,0.27466670433971174
BIH,2016,4690.0,0.023733584332093827
BIH,2017,3880.0,-0.18959742882300645
BIH,2018,3770.0,-0.028760152175262732
BIH,2019,4080.0,0.07902198695615148
BIH,2020,4080.0,0.0
BLR,1992,9920.0,
BLR,1993,10010.0,0.009031672030346272
BLR,1994,7720.0,-0.259770229290444
BLR,1995,6180.0,-0.22249609256708425
BLR,1996,6860.0,0.10438917026819361
BLR,1997,4820.0,-0.3529335136752856
BLR,1998,5180.0,0.07203112820888435
BLR,1999,5800.0,0.11305286128098047
BLR,2000,7270.0,0.22589837399305424
BLR,2001,5610.0,-0.2592055720108224
BLR,2002,7540.0,0.29567146248525944
BLR,2003,6200.0,-0.1956728899688187
BLR,2004,4730.0,-0.2706240895472032
BLR,2005,6240.0,0.2770549798774944
BLR,2006,9050.0,0.3717845753304978
BLR,2007,14780.0,0.49051015780822205
BLR,2008,15450.0,0.04433408782369774
BLR,2009,16480.0,0.06453852113757108
BLR,2010,17160.0,0.0404335695784912
BLR,2011,17410.0,0.014463659720281186
BLR,2012,16460.0,-0.056111558531174666
BLR,2013,14250.0,-0.144176288534263
BLR,2014,11420.0,-0.22139070248679538
BLR,2015,10000.0,-0.1327811112338182
BLR,2016,11880.0,0.172271220940452
BLR,2017,11120.0,-0.0661110251120629
BLR,2018,11120.0,0.0
BLR,2019,11120.0,0.0
BLR,2020,11120.0,0.0
BLZ,1961,0.0,
BLZ,1962,0.0,
BLZ,1963,0.0,
BLZ,1964,0.0,
BLZ,1965,0.0,
BLZ,1966,0.0,
BLZ,1967,0.0,
BLZ,1968,0.0,
BLZ,1969,0.0,
BLZ,1970,0.0,
BLZ,1971,0.0,
BLZ,1972,0.0,
BLZ,1973,0.0,
BLZ,1974,30.0,inf
BLZ,1975,30.0,0.0
BLZ,1976,30.0,0.0
BLZ,1977,30.0,0.0
BLZ,1978,30.0,0.0
BLZ,1979,30.0,0.0
BLZ,1980,30.0,0.0
BLZ,1981,40.0,0.2876820724517808
BLZ,1982,10.0,-1.3862943611198904
BLZ,1983,0.0,-inf
BLZ,1984,0.0,
BLZ,1985,0.0,
BLZ,1986,0.0,
BLZ,1987,0.0,
BLZ,1988,0.0,
BLZ,1989,0.0,
BLZ,1990,0.0,
BLZ,1991,0.0,
BLZ,1992,0.0,
BLZ,1993,0.0,
BLZ,1994,0.0,
BLZ,1995,10.0,inf
BLZ,1996,290.0,3.3672958299864737
BLZ,1997,140.0,-0.7282385003712157
BLZ,1998,0.0,-inf
BLZ,1999,0.0,
BLZ,2000,0.0,
BLZ,2001,0.0,
BLZ,2002,0.0,
BLZ,2003,0.0,
BLZ,2004,390.0,inf
BLZ,2005,430.0,0.09763846956391564
BLZ,2006,390.0,-0.09763846956391564
BLZ,2007,400.0,0.02531780798428951
BLZ,2008,1870.0,1.542229162740651
BLZ,2009,1610.0,-0.1497042518701237
BLZ,2010,660.0,-0.891749622958038
BLZ,2011,60.0,-2.3978952727983707
BLZ,2012,60.0,0.0
BLZ,2013,60.0,0.0
BLZ,2014,50.0,-0.18232155679395445
BLZ,2015,50.0,0.0
BLZ,2016,60.0,0.18232155679395445
BLZ,2017,60.0,0.0
BLZ,2018,60.0,0.0
BLZ,2019,60.0,0.0
BLZ,2020,60.0,0.0
BMU,1961,,
BMU,1962,,
BMU,1963,,
BMU,1964,,
BMU,1965,,
BMU,1966,,
BMU,1967,,
BMU,1968,,
BMU,1969,,
BMU,1970,,
BMU,1971,,
BMU,1972,,
BMU,1973,,
BMU,1974,,
BMU,1975,,
BMU,1976,,
BMU,1977,,
BMU,1978,,
BMU,1979,,
BMU,1980,,
BMU,1981,,
BMU,1982,,
BMU,1983,,
BMU,1984,,
BMU,1985,,
BMU,1986,,
BMU,1987,,
BMU,1988,,
BMU,1989,,
BMU,1990,,
BMU,1991,,
BMU,1992,,
BMU,1993,,
BMU,1994,,
BMU,1995,,
BMU,1996,,
BMU,1997,,
BMU,1998,,
BMU,1999,,
BMU,2000,,
BMU,2001,,
BMU,2002,,
BMU,2003,,
BMU,2004,,
BMU,2005,,
BMU,2006,,
BMU,2007,,
BMU,2008,,
BMU,2009,,
BOL,1961,500.0,
BOL,1962,1300.0,0.9555114450274367
BOL,1963,1400.0,0.07410797215372167
BOL,1964,1900.0,0.3053816495511823
BOL,1965,1800.0,-0.054067221270275745
BOL,1966,1700.0,-0.05715841383994924
BOL,1967,1500.0,-0.12516314295400566
BOL,1968,1300.0,-0.14310084364067333
BOL,1969,1200.0,-0.08004270767353638
BOL,1970,1100.0,-0.08701137698963013
BOL,1971,1300.0,0.1670540846631665
BOL,1972,1500.0,0.14310084364067333
BOL,1973,1500.0,0.0
BOL,1974,1050.0,-0.35667494393873245
BOL,1975,1050.0,0.0
BOL,1976,1250.0,0.17435338714477755
BOL,1977,1550.0,0.21511137961694615
BOL,1978,1550.0,0.0
BOL,1979,3650.0,0.8564722366632447
BOL,1980,4180.0,0.13558407894226399
BOL,1981,5420.0,0.2597845689148901
BOL,1982,3910.0,-0.3265584414542797
BOL,1983,3910.0,0.0
BOL,1984,3910.0,0.0
BOL,1985,3770.0,-0.03646237253735585
BOL,1986,2780.0,-0.3046240737573731
BOL,1987,3130.0,0.11858207684951605
BOL,1988,3150.0,0.006369448285479251
BOL,1989,3950.0,0.22631312607548892
BOL,1990,3740.0,-0.05462996748658888
BOL,1991,3460.0,-0.07781702235680754
BOL,1992,3550.0,0.025679014417690382
BOL,1993,5530.0,0.4432402120469199
BOL,1994,5190.0,-0.06345411835644654
BOL,1995,5460.0,0.05071509257901674
BOL,1996,5520.0,0.010929070532190721
BOL,1997,5580.0,0.01081091610421403
BOL,1998,5590.0,0.0017905107737892223
BOL,1999,5600.0,0.0017873105740964235
BOL,2000,5660.0,0.010657294473986667
BOL,2001,5500.0,-0.028675799976666028
BOL,2002,5920.0,0.07358835665748842
BOL,2003,6110.0,0.03159032428759012
BOL,2004,6000.0,-0.0181673039554493
BOL,2005,5940.0,-0.010050335853501124
BOL,2006,5660.0,-0.04828524115946209
BOL,2007,5440.0,-0.03964483134723906
BOL,2008,6420.0,0.16563905683401714
BOL,2009,7340.0,0.13392072492455576
BOL,2010,7050.0,-0.04031122580224711
BOL,2011,7480.0,0.05920517516220869
BOL,2012,7730.0,0.03287607061294473
BOL,2013,8250.0,0.06510433774725755
BOL,2014,8390.0,0.01682732013252597
BOL,2015,9990.0,0.17454407218134804
BOL,2016,10250.0,0.02569311292395504
BOL,2017,10500.0,0.02409755157905913
BOL,2018,10900.0,0.037387532071621266
BOL,2019,11430.0,0.047478688571620964
BOL,2020,11430.0,0.0
BRA,1961,57500.0,
BRA,1962,63500.0,0.09925495809534013
BRA,1963,65500.0,0.031010236742559982
BRA,1964,87800.0,0.2930113579998661
BRA,1965,90500.0,0.0302883500648079
BRA,1966,84800.0,-0.06505430790802258
BRA,1967,88100.0,0.03817699014427767
BRA,1968,97600.0,0.10240496047691217
BRA,1969,103700.0,0.060624621816435464
BRA,1970,83800.0,-0.21306910774744559
BRA,1971,78600.0,-0.06406130805287624
BRA,1972,72800.0,-0.07665574423251975
BRA,1973,77800.0,0.06642547598170445
BRA,1974,156280.0,0.6975078390025242
BRA,1975,164320.0,0.05016647599337887
BRA,1976,135840.0,-0.19033802361721186
BRA,1977,158470.0,0.15408757839167997
BRA,1978,160100.0,0.010233319047951994
BRA,1979,119780.0,-0.29014189316635175
BRA,1980,177710.0,0.3944962813610786
BRA,1981,187180.0,0.051917712531714955
BRA,1982,197460.0,0.0534653114541932
BRA,1983,194820.0,-0.013459976840493937
BRA,1984,202620.0,0.03925624828272234
BRA,1985,200870.0,-0.008674370979074197
BRA,1986,213560.0,0.06125989098552864
BRA,1987,224090.0,0.04812993324307335
BRA,1988,198010.0,-0.12373022240535647
BRA,1989,212140.0,0.06892889960762183
BRA,1990,197600.0,-0.07100164876355741
BRA,1991,196300.0,-0.006600684031351278
BRA,1992,193150.0,-0.016177012170125238
BRA,1993,196510.0,0.017246231487384023
BRA,1994,195810.0,-0.00356851928443902
BRA,1995,231770.0,0.1686006992992315
BRA,1996,258930.0,0.11081225428520902
BRA,1997,253240.0,-0.02222009922375001
BRA,1998,260390.02,0.02784292827120005
BRA,1999,295560.0,0.12669127797332003
BRA,2000,329680.0,0.10925062511011596
BRA,2001,368400.0,0.11104681735058897
BRA,2002,412060.0,0.11199966543316187
BRA,2003,395090.0,-0.042055382765362026
BRA,2004,419520.0,0.05999761352638444
BRA,2005,416940.0,-0.006168874021044601
BRA,2006,436280.0,0.04534191250625064
BRA,2007,446410.0,0.022953573189342436
BRA,2008,536550.0,0.18392194212325208
BRA,2009,570660.0,0.06163383134921219
BRA,2010,567670.0,-0.00525332175440596
BRA,2011,575690.0,0.014029057404890466
BRA,2012,611300.0,0.060018515661846905
BRA,2013,624790.0,0.02182775624107336
BRA,2014,705350.0,0.1212785402447576
BRA,2015,702180.0,-0.004504352105781706
BRA,2016,728280.0,0.036495808221035375
BRA,2017,732760.0,0.006132637081494252
BRA,2018,739550.0,0.009223666400119512
BRA,2019,748620.0,0.012189618533605895
BRA,2020,748620.0,0.0
BRB,1961,0.0,
BRB,1962,0.0,
BRB,1963,0.0,
BRB,1964,0.0,
BRB,1965,0.0,
BRB,1966,0.0,
BRB,1967,0.0,
BRB,1968,0.0,
BRB,1969,0.0,
BRB,1970,0.0,
BRB,1971,0.0,
BRB,1972,0.0,
BRB,1973,0.0,
BRB,1974,0.0,
BRB,1975,0.0,
BRB,1976,0.0,
BRB,1977,0.0,
BRB,1978,0.0,
BRB,1979,0.0,
BRB,1980,0.0,
BRB,1981,0.0,
BRB,1982,0.0,
BRB,1983,0.0,
BRB,1984,0.0,
BRB,1985,0.0,
BRB,1986,0.0,
BRB,1987,0.0,
BRB,1988,0.0,
BRB,1989,0.0,
BRB,1990,0.0,
BRB,1991,0.0,
BRB,1992,0.0,
BRB,1993,0.0,
BRB,1994,0.0,
BRB,1995,0.0,
BRB,1996,0.0,
BRB,1997,0.0,
BRB,1998,0.0,
BRB,1999,0.0,
BRB,2000,0.0,
BRB,2001,0.0,
BRB,2002,0.0,
BRB,2003,0.0,
BRB,2004,0.0,
BRB,2005,0.0,
BRB,2006,0.0,
BRB,2007,0.0,
BRB,2008,0.0,
BRB,2009,0.0,
BRB,2010,0.0,
BRB,2011,10.0,inf
BRB,2012,10.0,0.0
BRB,2013,10.0,0.0
BRB,2014,20.0,0.693147180559945
BRB,2015,20.0,0.0
BRB,2016,30.0,0.4054651081081646
BRB,2017,30.0,0.0
BRB,2018,30.0,0.0
BRB,2019,30.0,0.0
BRB,2020,30.0,0.0
BRN,1961,0.0,
BRN,1962,0.0,
BRN,1963,0.0,
BRN,1964,0.0,
BRN,1965,0.0,
BRN,1966,0.0,
BRN,1967,0.0,
BRN,1968,0.0,
BRN,1969,0.0,
BRN,1970,0.0,
BRN,1971,0.0,
BRN,1972,0.0,
BRN,1973,0.0,
BRN,1974,60.0,inf
BRN,1975,70.0,0.15415067982725894
BRN,1976,80.0,0.13353139262452185
BRN,1977,80.0,0.0
BRN,1978,80.0,0.0
BRN,1979,80.0,0.0
BRN,1980,90.0,0.11778303565638382
BRN,1981,90.0,0.0
BRN,1982,90.0,0.0
BRN,1983,90.0,0.0
BRN,1984,10.0,-2.197224577336219
BRN,1985,10.0,0.0
BRN,1986,100.0,2.302585092994046
BRN,1987,90.0,-0.10536051565782678
BRN,1988,90.0,0.0
BRN,1989,90.0,0.0
BRN,1990,90.0,0.0
BRN,1991,90.0,0.0
BRN,1992,20.0,-1.5040773967762742
BRN,1993,40.0,0.6931471805599454
BRN,1994,70.0,0.5596157879354231
BRN,1995,100.0,0.35667494393873245
BRN,1996,90.0,-0.10536051565782678
BRN,1997,100.0,0.10536051565782678
BRN,1998,100.0,0.0
BRN,1999,110.0,0.09531017980432477
BRN,2000,30.0,-1.299282984130261
BRN,2001,40.0,0.2876820724517808
BRN,2002,110.0,1.0116009116784803
BRN,2003,110.0,0.0
BRN,2004,170.0,0.4353180712578455
BRN,2005,60.0,-1.0414538748281617
BRN,2006,60.0,0.0
BRN,2007,40.0,-0.40546510810816416
BRN,2008,30.0,-0.2876820724517808
BRN,2009,40.0,0.2876820724517808
BTN,2019,220.0,
BTN,2020,220.0,0.0
BWA,1961,400.0,
BWA,1962,500.0,0.2231435513142097
BWA,1963,500.0,0.0
BWA,1964,500.0,0.0
BWA,1965,500.0,0.0
BWA,1966,600.0,0.1823215567939549
BWA,1967,600.0,0.0
BWA,1968,800.0,0.2876820724517808
BWA,1969,800.0,0.0
BWA,1970,800.0,0.0
BWA,1971,1100.0,0.3184537311185345
BWA,1972,1200.0,0.08701137698963013
BWA,1973,1200.0,0.0
BWA,1974,1200.0,0.0
BWA,1975,1200.0,0.0
BWA,1976,1600.0,0.2876820724517808
BWA,1977,1500.0,-0.06453852113757108
BWA,1978,1000.0,-0.4054651081081646
BWA,1979,1000.0,0.0
BWA,1980,1250.0,0.2231435513142097
BWA,1981,1450.0,0.14842000511827358
BWA,1982,1400.0,-0.03509131981127034
BWA,1983,1250.0,-0.11332868530700324
BWA,1984,1500.0,0.1823215567939549
BWA,1985,1500.0,0.0
BWA,1986,1700.0,0.12516314295400566
BWA,1987,1900.0,0.11122563511022499
BWA,1988,1900.0,0.0
BWA,1989,1600.0,-0.17185025692665956
BWA,1990,1300.0,-0.2076393647782444
BWA,1991,1000.0,-0.2623642644674913
BWA,1992,800.0,-0.2231435513142097
BWA,1993,600.0,-0.2876820724517808
BWA,1994,400.0,-0.4054651081081646
BWA,1995,200.0,-0.6931471805599454
BWA,1996,80.0,-0.9162907318741551
BWA,1997,160.0,0.6931471805599454
BWA,1998,190.0,0.17185025692665956
BWA,1999,160.0,-0.17185025692665956
BWA,2000,170.0,0.060624621816435464
BWA,2001,120.0,-0.34830669426821625
BWA,2002,140.0,0.15415067982725805
BWA,2003,120.0,-0.15415067982725805
BWA,2004,160.0,0.2876820724517808
BWA,2005,130.0,-0.2076393647782444
BWA,2006,80.0,-0.485507815781701
BWA,2007,120.0,0.4054651081081646
BWA,2008,90.0,-0.2876820724517808
BWA,2009,70.0,-0.25131442828090567
BWA,2010,60.0,-0.15415067982725894
BWA,2011,230.0,1.3437347467010952
BWA,2012,380.0,0.502091943797236
BWA,2013,430.0,0.12361395596717628
BWA,2014,1170.0,1.0009738191041944
BWA,2015,100.0,-2.4595888418037104
BWA,2016,50.0,-0.6931471805599458
BWA,2017,50.0,0.0
BWA,2018,60.0,0.18232155679395445
BWA,2019,70.0,0.15415067982725894
BWA,2020,70.0,0.0
CAF,1961,2000.0,
CAF,1962,2000.0,0.0
CAF,1963,2500.0,0.2231435513142097
CAF,1964,2500.0,0.0
CAF,1965,3000.0,0.182321556793954
CAF,1966,4000.0,0.2876820724517817
CAF,1967,5000.0,0.2231435513142106
CAF,1968,5000.0,0.0
CAF,1969,6000.0,0.18232155679395312
CAF,1970,7000.0,0.15415067982725894
CAF,1971,8000.0,0.13353139262452274
CAF,1972,8000.0,0.0
CAF,1973,10000.0,0.2231435513142106
CAF,1974,11880.0,0.172271220940452
CAF,1975,8050.0,-0.38918422250402607
CAF,1976,10480.0,0.26379658746242285
CAF,1977,13030.0,0.2177857122438578
CAF,1978,13050.0,0.0015337426319490532
CAF,1979,13060.0,0.0007659900795822239
CAF,1980,13080.0,0.0015302221807687033
CAF,1981,13090.0,0.0007642338927560388
CAF,1982,13110.0,0.0015267178537996529
CAF,1983,13130.0,0.0015243905390960322
CAF,1984,13310.0,0.013615944092315146
CAF,1985,13290.0,-0.0015037596818654464
CAF,1986,13190.0,-0.0075529059959311695
CAF,1987,13090.0,-0.007610386807414216
CAF,1988,13080.0,-0.0007642338927560388
CAF,1989,13080.0,0.0
CAF,1990,13110.0,0.0022909517465556917
CAF,1991,13610.0,0.03742951888776602
CAF,1992,13340.0,-0.020037776175897193
CAF,1993,13550.0,0.015619506838232766
CAF,1994,13760.0,0.015379285179486502
CAF,1995,13960.0,0.014430264829028872
CAF,1996,14150.0,0.013518526755021298
CAF,1997,14330.0,0.012640617750832916
CAF,1998,14580.0,0.017295484740431633
CAF,1999,15120.0,0.036367644170875124
CAF,2000,15120.0,0.0
CAF,2001,17130.0,0.12481294158464173
CAF,2002,19130.0,0.11042647111613313
CAF,2003,21130.0,0.09943604817580365
CAF,2004,23130.0,0.09043664461538192
CAF,2005,25130.0,0.08293187531215374
CAF,2006,27140.0,0.07694630285122273
CAF,2007,29140.0,0.07110314636033443
CAF,2008,31140.0,0.06638136563879371
CAF,2009,33140.0,0.06224784559256591
CAF,2010,35140.0,0.05859907076053261
CAF,2011,35140.0,0.0
CAF,2012,32140.0,-0.08923872244958453
CAF,2013,30140.0,-0.06424816711101577
CAF,2014,29140.0,-0.03374139243129193
CAF,2015,28140.0,-0.03491974908081552
CAF,2016,29140.0,0.03491974908081552
CAF,2017,29140.0,0.0
CAF,2018,29140.0,0.0
CAF,2019,29140.0,0.0
CAF,2020,29140.0,0.0
CAN,1961,121010.0,
CAN,1962,148710.0,0.2061249138906316
CAN,1963,122520.0,-0.19372381873601796
CAN,1964,119120.0,-0.028142893588821494
CAN,1965,112230.0,-0.059581051347588954
CAN,1966,143140.0,0.24327283528228705
CAN,1967,122450.0,-0.15612038891227442
CAN,1968,146850.0,0.18170887424645166
CAN,1969,102470.0,-0.35984158483300277
CAN,1970,127390.0,0.21768317431006956
CAN,1971,126590.0,-0.006299729472958759
CAN,1972,136510.0,0.07544435436614982
CAN,1973,148330.0,0.08304164932063429
CAN,1974,122820.0,-0.18871965243426736
CAN,1975,87980.0,-0.33361035298067954
CAN,1976,107310.0,0.19861232601846268
CAN,1977,126030.0,0.1607981319103633
CAN,1978,130860.0,0.03760807559219259
CAN,1979,124450.0,-0.050224020627991806
CAN,1980,124540.0,0.0007229206307055591
CAN,1981,140800.0,0.12271349427963507
CAN,1982,133920.0,-0.05009783698277559
CAN,1983,130770.01,-0.023802475352619368
CAN,1984,101080.0,-0.25752784886855373
CAN,1985,168610.0,0.5116760732698964
CAN,1986,159150.0,-0.05774120206178779
CAN,1987,133210.0,-0.17792032336472907
CAN,1988,174050.0,0.2674157838940765
CAN,1989,177290.0,0.01844419565284028
CAN,1990,182540.0,0.02918251717844278
CAN,1991,182930.0,0.002134238914475617
CAN,1992,152530.0,-0.18174226799136584
CAN,1993,171430.0,0.11681372200754758
CAN,1994,151120.0,-0.12610079682613495
CAN,1995,143900.0,-0.04895560929993259
CAN,1996,133840.0,-0.07247355721475301
CAN,1997,158900.0,0.17163001686410162
CAN,1998,146950.0,-0.07818268067774348
CAN,1999,150250.0,0.022208180550389756
CAN,2000,161840.0,0.07430761944417341
CAN,2001,182940.0,0.12255003736872894
CAN,2002,216690.0,0.1693095305026464
CAN,2003,216060.0,-0.0029116138420270943
CAN,2004,173970.0,-0.21667327633237932
CAN,2005,179410.0,0.030790818874834258
CAN,2006,194730.0,0.08194029428219451
CAN,2007,173190.0,-0.11722472597253564
CAN,2008,165590.0,-0.04487440408655985
CAN,2009,178450.0,0.0747935962817774
CAN,2010,177620.0,-0.004662013105811269
CAN,2011,181600.0,0.022160029336834697
CAN,2012,185640.0,0.02200284820578169
CAN,2013,188780.0,0.01677300152382344
CAN,2014,171880.0,-0.09378575699000358
CAN,2015,201710.0,0.160034463406447
CAN,2016,216600.0,0.07122131225364825
CAN,2017,195550.0,-0.10223623336536747
CAN,2018,210580.0,0.0740495272270909
CAN,2019,176020.0,-0.1792680034829477
CAN,2020,176020.0,0.0
CHE,1961,2800.0,
CHE,1962,2800.0,0.0
CHE,1963,3300.0,0.16430305129127643
CHE,1964,2800.0,-0.16430305129127643
CHE,1965,2700.0,-0.036367644170875124
CHE,1966,3000.0,0.10536051565782589
CHE,1967,3000.0,0.0
CHE,1968,3500.0,0.15415067982725894
CHE,1969,3500.0,0.0
CHE,1970,2400.0,-0.37729423114146776
CHE,1971,2800.0,0.15415067982725805
CHE,1972,3600.0,0.25131442828090567
CHE,1973,3600.0,0.0
CHE,1974,3800.0,0.05406722127027663
CHE,1975,3900.0,0.02597548640325975
CHE,1976,3920.0,0.0051151006667709
CHE,1977,3980.0,0.015190165493974561
CHE,1978,3820.0,-0.041031396677862375
CHE,1979,3890.0,0.018158735011871485
CHE,1980,3500.0,-0.10564618913498691
CHE,1981,3680.0,0.050149783685471405
CHE,1982,3370.0,-0.08800000781656969
CHE,1983,3540.0,0.049213982781413534
CHE,1984,4110.0,0.14929630136245997
CHE,1985,4560.0,0.10389959501815227
CHE,1986,4660.0,0.0216928246112591
CHE,1987,4520.0,-0.030503454293414833
CHE,1988,4230.0,-0.06631000078595228
CHE,1989,4480.0,0.05742105336870651
CHE,1990,4230.0,-0.05742105336870651
CHE,1991,4830.0,0.1326444746062947
CHE,1992,3950.0,-0.20113088875145202
CHE,1993,2960.0,-0.288526310577061
CHE,1994,2720.0,-0.08455738802806323
CHE,1995,2750.0,0.010969031370573923
CHE,1996,3000.0,0.08701137698962924
CHE,1997,3010.0,0.0033277900926762527
CHE,1998,2960.0,-0.016750810424816187
CHE,1999,2980.0,0.006734032181344496
CHE,2000,2760.0,-0.076692620788255
CHE,2001,2850.0,0.0320883145515003
CHE,2002,2680.0,-0.06150219975779336
CHE,2003,2920.0,0.08576682175742523
CHE,2004,2810.0,-0.03839913293453634
CHE,2005,2950.0,0.048620687006073915
CHE,2006,2900.0,-0.01709443335929972
CHE,2007,2870.0,-0.010398707220899084
CHE,2008,3140.0,0.08991077014863347
CHE,2009,3280.0,0.04362062247589016
CHE,2010,3360.0,0.02409755157905913
CHE,2011,3560.0,0.05781957088882628
CHE,2012,3470.0,-0.02560595090517026
CHE,2013,3600.0,0.03677925150329564
CHE,2014,3580.0,-0.005571045049455492
CHE,2015,3620.0,0.011111225425072035
CHE,2016,3570.0,-0.013908430046132736
CHE,2017,3650.0,0.02216157180285272
CHE,2018,3390.0,-0.07389724620204063
CHE,2019,3390.0,0.0
CHE,2020,3390.0,0.0
CHL,1961,0.0,
CHL,1962,0.0,
CHL,1963,0.0,
CHL,1964,0.0,
CHL,1965,0.0,
CHL,1966,0.0,
CHL,1967,0.0,
CHL,1968,0.0,
CHL,1969,0.0,
CHL,1970,0.0,
CHL,1971,0.0,
CHL,1972,0.0,
CHL,1973,0.0,
CHL,1974,0.0,
CHL,1975,0.0,
CHL,1976,0.0,
CHL,1977,0.0,
CHL,1978,50.0,inf
CHL,1979,100.0,0.6931471805599458
CHL,1980,170.0,0.5306282510621703
CHL,1981,370.0,0.7777045685880077
CHL,1982,440.0,0.17327172127403667
CHL,1983,350.0,-0.2288415724288475
CHL,1984,500.0,0.35667494393873245
CHL,1985,1120.0,0.8064758658669486
CHL,1986,2150.0,0.6521391568325683
CHL,1987,2770.0,0.2533794780596761
CHL,1988,5510.0,0.6877173029655754
CHL,1989,11720.0,0.7547321609840445
CHL,1990,28620.0,0.8928089899794376
CHL,1991,42480.0,0.3949276028053781
CHL,1992,62200.0,0.3813216228114502
CHL,1993,77470.0,0.2195357648986782
CHL,1994,101960.0,0.2746898148641037
CHL,1995,141380.0,0.3268707212348936
CHL,1996,199090.0,0.3423056830488971
CHL,1997,247970.0,0.21955078731415334
CHL,1998,259239.98,0.04444642530506471
CHL,1999,230190.0,-0.11884914155324111
CHL,2000,342410.0,0.3971037945909064
CHL,2001,504420.0,0.38740040492667127
CHL,2002,482390.0,-0.044656338862056444
CHL,2003,488230.0,0.012033690782985218
CHL,2004,569050.0,0.15318169743170884
CHL,2005,614140.0,0.07625461145754109
CHL,2006,647300.0,0.052586950366025675
CHL,2007,602860.0,-0.07112486825145758
CHL,2008,630650.0,0.045066036233194495
CHL,2009,605570.0,-0.04058087028560564
CHL,2010,466860.0,-0.2601407363907029
CHL,2011,649470.0,0.3301272188105564
CHL,2012,817670.0,0.23030218655546797
CHL,2013,780570.0,-0.0464344101903329
CHL,2014,968100.0,0.21531096569344044
CHL,2015,830280.0,-0.15357239442730553
CHL,2016,727810.0,-0.13172296817658058
CHL,2017,855350.0,0.16147071677616154
CHL,2018,888110.0,0.037584867296008184
CHL,2019,989550.0,0.10815468514268112
CHL,2020,989550.0,0.0
CHN,1961,700000.0,
CHN,1962,700000.0,0.0
CHN,1963,700000.0,0.0
CHN,1964,700000.0,0.0
CHN,1965,800000.0,0.13353139262452274
CHN,1966,800000.0,0.0
CHN,1967,800000.0,0.0
CHN,1968,800000.0,0.0
CHN,1969,800000.0,0.0
CHN,1970,912700.0,0.13179551185490368
CHN,1971,892100.0,-0.022829005603092867
CHN,1972,886600.0,-0.006184311608786075
CHN,1973,971200.0,0.09113849799428131
CHN,1974,971590.0,0.0004014844684583352
CHN,1975,1002870.0,0.03168726362149066
CHN,1976,998680.0,-0.00418676138046159
CHN,1977,1019470.0,0.020603756377521876
CHN,1978,1008630.0,-0.0106899099920863
CHN,1979,1067500.0,0.056726491702622894
CHN,1980,1178220.0,0.0986853588874137
CHN,1981,1304540.0,0.10184566320579336
CHN,1982,1491650.0,0.1340324015980805
CHN,1983,1771910.0,0.17217517101338053
CHN,1984,2184560.0,0.20935637444626742
CHN,1985,2782220.0,0.24183473490173668
CHN,1986,3383440.0,0.19564377324299898
CHN,1987,3950360.0,0.15491377058429556
CHN,1988,4422840.0,0.11297530968909975
CHN,1989,4761270.0,0.0737324156897241
CHN,1990,5085740.0,0.06592610559023093
CHN,1991,5358020.0,0.052153958881881124
CHN,1992,6008790.0,0.11462889331093251
CHN,1993,7221600.0,0.18385313783933022
CHN,1994,8687640.0,0.18482479086716985
CHN,1995,10290130.0,0.169283857522057
CHN,1996,11903820.0,0.14567417361763546
CHN,1997,12378640.0,0.039113049609120765
CHN,1998,12808070.0,0.03410303439585505
CHN,1999,13551510.0,0.05642253921757856
CHN,2000,13925360.0,0.02721365803071052
CHN,2001,14270700.0,0.02449684598305879
CHN,2002,14956050.0,0.046907416004163593
CHN,2003,15628910.0,0.04400650406850204
CHN,2004,16468660.0,0.052336776513406846
CHN,2005,17464590.0,0.05871622162970169
CHN,2006,18458880.0,0.05537015305069204
CHN,2007,19172290.0,0.037920451897271334
CHN,2008,20076650.0,0.04609144082735739
CHN,2009,21195430.0,0.05422814416644428
CHN,2010,21446560.0,0.011778667150000643
CHN,2011,22135050.0,0.03159806549506783
CHN,2012,22716280.0,0.025919523005370593
CHN,2013,24038260.0,0.056564879626801456
CHN,2014,25092040.0,0.042903936687039845
CHN,2015,26121050.0,0.04019083831461856
CHN,2016,26930620.0,0.03052242652837478
CHN,2017,27094400.0,0.006063135256013652
CHN,2018,26968550.0,-0.004655692200348227
CHN,2019,26921500.0,-0.0017461483874932071
CHN,2020,26921500.0,0.0
CIV,1961,2000.0,
CIV,1962,2000.0,0.0
CIV,1963,2000.0,0.0
CIV,1964,2000.0,0.0
CIV,1965,3000.0,0.4054651081081637
CIV,1966,3000.0,0.0
CIV,1967,3000.0,0.0
CIV,1968,3200.0,0.06453852113757286
CIV,1969,3600.0,0.11778303565638204
CIV,1970,3500.0,-0.028170876966695957
CIV,1971,3500.0,0.0
CIV,1972,3710.0,0.058268908123976004
CIV,1973,3670.0,-0.010840214552864325
CIV,1974,3630.0,-0.010959013789719307
CIV,1975,3600.0,-0.008298802814696415
CIV,1976,1700.0,-0.7503055943998937
CIV,1977,1700.0,0.0
CIV,1978,1700.0,0.0
CIV,1979,12830.0,2.0211579275653744
CIV,1980,16320.0,0.2406051709084167
CIV,1981,17760.0,0.08455738802806323
CIV,1982,20370.0,0.13711449267469078
CIV,1983,20680.0,0.015103819401513618
CIV,1984,20600.0,-0.003875973844692737
CIV,1985,24590.0,0.17704878043256578
CIV,1986,26810.0,0.08643509601976618
CIV,1987,25360.0,-0.055601822678843504
CIV,1988,27160.0,0.06857217312147057
CIV,1989,30120.0,0.1034441002411981
CIV,1990,20420.0,-0.3886745901951745
CIV,1991,21060.0,0.030860693969311015
CIV,1992,14570.0,-0.368410886498717
CIV,1993,13180.0,-0.10026409113275214
CIV,1994,15520.0,0.16342898568071185
CIV,1995,11510.0,-0.2989132920212807
CIV,1996,12780.0,0.10466522621559626
CIV,1997,12720.0,-0.0047058910374122576
CIV,1998,13620.0,0.06836374280939062
CIV,1999,11870.0,-0.13752509209978925
CIV,2000,11820.0,-0.004221196643625191
CIV,2001,11190.0,-0.05477248965411796
CIV,2002,21380.0,0.6474353832730646
CIV,2003,21960.0,0.026766711044430735
CIV,2004,6250.0,-1.2566411528930193
CIV,2005,14520.0,0.8429455456483392
CIV,2006,7760.0,-0.6265446752015222
CIV,2007,4970.0,-0.4455624940865892
CIV,2008,6090.0,0.20322824161326736
CIV,2009,7340.0,0.18669076090461978
CIV,2010,8330.0,0.12652461355232703
CIV,2011,9660.0,0.14813019204567546
CIV,2012,11400.0,0.16561970717602215
CIV,2013,11120.0,-0.02486806657801388
CIV,2014,12300.0,0.10085397355593528
CIV,2015,12200.0,-0.008163310639160315
CIV,2016,12500.0,0.02429269256904476
CIV,2017,12700.0,0.015873349156290573
CIV,2018,33660.0,0.9747081952981134
CIV,2019,33660.0,0.0
CIV,2020,33660.0,0.0
CMR,1961,30000.0,
CMR,1962,30000.0,0.0
CMR,1963,30000.0,0.0
CMR,1964,30000.0,0.0
CMR,1965,35000.0,0.15415067982725716
CMR,1966,35000.0,0.0
CMR,1967,35000.0,0.0
CMR,1968,35000.0,0.0
CMR,1969,35000.0,0.0
CMR,1970,30000.0,-0.15415067982725716
CMR,1971,25000.0,-0.1823215567939549
CMR,1972,20000.0,-0.2231435513142106
CMR,1973,20000.0,0.0
CMR,1974,20000.0,0.0
CMR,1975,20000.0,0.0
CMR,1976,20000.0,0.0
CMR,1977,20000.0,0.0
CMR,1978,20010.0,0.0004998750416511655
CMR,1979,20020.0,0.0004996252914324373
CMR,1980,20040.0,0.0009985023295904227
CMR,1981,20060.0,0.0009975063171250298
CMR,1982,20090.0,0.0014943962930544785
CMR,1983,20120.0,0.0014921664046951832
CMR,1984,20280.0,0.007920833491443346
CMR,1985,20130.0,-0.007423939071282248
CMR,1986,20120.0,-0.0004968944201610981
CMR,1987,20140.0,0.0009935420588771393
CMR,1988,20170.0,0.001488464675704293
CMR,1989,21140.0,0.046970628475971665
CMR,1990,22110.0,0.04486301442726237
CMR,1991,22070.0,-0.0018107746007096637
CMR,1992,22060.0,-0.0004532064432876126
CMR,1993,23050.0,0.043899755617299974
CMR,1994,27050.0,0.1600212358498343
CMR,1995,30060.0,0.10550837903233656
CMR,1996,35060.0,0.15386549516825987
CMR,1997,40070.0,0.1335670451549653
CMR,1998,43920.0,0.09174187255322153
CMR,1999,49310.0,0.11575710303475972
CMR,2000,55050.0,0.11011496293265388
CMR,2001,52650.0,-0.04457562458870434
CMR,2002,65330.0,0.21578511027267488
CMR,2003,55380.0,-0.16523283110984366
CMR,2004,65390.0,0.16615082383036928
CMR,2005,75400.0,0.14243793344072664
CMR,2006,75440.0,0.0005303633112916373
CMR,2007,74930.0,-0.006783293948982916
CMR,2008,75250.0,0.004261559252764613
CMR,2009,75550.0,0.003978785089763903
CMR,2010,68570.0,-0.096939567422476
CMR,2011,61570.0,-0.1076803823731538
CMR,2012,54840.0,-0.11575488422900548
CMR,2013,48200.0,-0.12906083363755805
CMR,2014,41580.0,-0.14773973862668832
CMR,2015,35950.0,-0.14549019826281118
CMR,2016,30700.0,-0.15786642957390384
CMR,2017,30700.0,0.0
CMR,2018,33480.0,0.08668559102812345
CMR,2019,34020.0,0.016000341346440905
CMR,2020,34020.0,0.0
COD,2010,222970.0,
COD,2011,219970.0,-0.013546059844648184
COD,2012,216870.0,-0.014193077737315818
COD,2013,226470.0,0.043314390139327585
COD,2014,228480.0,0.008836193331577036
COD,2015,230660.0,0.009496085646572894
COD,2016,232460.0,0.007773402417768693
COD,2017,233200.0,0.003178287260775292
COD,2018,233200.0,0.0
COD,2019,233300.0,0.00042872455104792095
COD,2020,233300.0,0.0
COG,1961,3500.0,
COG,1962,4000.0,0.13353139262452274
COG,1963,4000.0,0.0
COG,1964,4000.0,0.0
COG,1965,4500.0,0.11778303565638382
COG,1966,4500.0,0.0
COG,1967,4500.0,0.0
COG,1968,5000.0,0.10536051565782678
COG,1969,5000.0,0.0
COG,1970,5000.0,0.0
COG,1971,6000.0,0.18232155679395312
COG,1972,7000.0,0.15415067982725894
COG,1973,7000.0,0.0
COG,1974,8000.0,0.13353139262452274
COG,1975,8000.0,0.0
COG,1976,9000.0,0.11778303565638382
COG,1977,9000.0,0.0
COG,1978,10000.0,0.10536051565782678
COG,1979,10000.0,0.0
COG,1980,11000.0,0.09531017980432388
COG,1981,12000.0,0.08701137698962924
COG,1982,12000.0,0.0
COG,1983,13550.0,0.12147989753771071
COG,1984,13550.0,0.0
COG,1985,13600.0,0.003683245416295833
COG,1986,14090.0,0.03539553316858246
COG,1987,15380.0,0.08760263816690994
COG,1988,19600.0,0.24246160215897206
COG,1989,24130.0,0.20792631340047052
COG,1990,26260.0,0.08459098923770902
COG,1991,27210.0,0.03553768392050394
COG,1992,21240.0,-0.24769835642141658
COG,1993,27620.0,0.26265395160740823
COG,1994,23910.0,-0.14424336651091174
COG,1995,26250.0,0.09336920756739886
COG,1996,25980.0,-0.010338977795179005
COG,1997,19090.0,-0.308162373504798
COG,1998,25590.0,0.29303701243404134
COG,1999,25460.0,-0.00509305704243701
COG,2000,25500.0,0.0015698590351203023
COG,2001,26160.0,0.02555307442461796
COG,2002,29560.0,0.12219056949100171
COG,2003,31320.0,0.05783477504260226
COG,2004,30450.0,-0.028170876966695957
COG,2005,32640.0,0.06945253594
COG,2006,31130.0,-0.04736654564239018
COG,2007,30340.0,-0.025705010533130235
COG,2008,29490.0,-0.028415751093200825
COG,2009,28480.0,-0.03484913628341069
COG,2010,30830.0,0.07928615535428385
COG,2011,33470.0,0.08216127332517686
COG,2012,38210.0,0.13244774623557376
COG,2013,36270.0,-0.05210630816399764
COG,2014,38390.0,0.05680605571789421
COG,2015,37640.0,-0.019729694295527622
COG,2016,40340.0,0.06927621780888771
COG,2017,39190.0,-0.02892192031452545
COG,2018,41920.0,0.06734142780124586
COG,2019,39770.0,-0.05265018079318651
COG,2020,39770.0,0.0
COL,1961,19500.0,
COL,1962,21500.0,0.09763846956391475
COL,1963,22500.0,0.04546237407675768
COL,1964,25300.0,0.1172890865231011
COL,1965,25900.0,0.023438572972017013
COL,1966,28000.0,0.0779615414697119
COL,1967,23700.0,-0.16672946203411776
COL,1968,21000.0,-0.12095261041766392
COL,1969,26600.0,0.23638877806423153
COL,1970,33200.0,0.22163866013478817
COL,1971,19300.0,-0.5424447800116017
COL,1972,82800.0,1.456322965480373
COL,1973,73100.0,-0.12459969463548148
COL,1974,37230.0,-0.6747134788711069
COL,1975,42080.0,0.12245768054483008
COL,1976,51440.0,0.2008435114999081
COL,1977,42170.0,-0.19870701217089426
COL,1978,56610.0,0.29447658029009993
COL,1979,48540.0,-0.1537974477501134
COL,1980,46900.0,-0.034370524846222494
COL,1981,47720.0,0.01733292177748247
COL,1982,49000.0,0.026469700880911162
COL,1983,45340.0,-0.07763065303124428
COL,1984,54020.0,0.1751647032850876
COL,1985,48480.0,-0.10820300660341076
COL,1986,55980.0,0.14384314232624895
COL,1987,62150.0,0.10455633386941265
COL,1988,50710.0,-0.20342768814979273
COL,1989,38760.0,-0.2687343427843629
COL,1990,38340.0,-0.01089504940506636
COL,1991,24950.0,-0.4296199154199716
COL,1992,48260.0,0.6597292379993576
COL,1993,47170.0,-0.022844962900714805
COL,1994,51680.0,0.09131276217817685
COL,1995,52060.0,0.0073260400920727164
COL,1996,47830.0,-0.08474384187421435
COL,1997,57400.0,0.18239124563331544
COL,1998,60220.0,0.04796021972806663
COL,1999,70250.0,0.15405578516026708
COL,2000,78130.0,0.10631379779479921
COL,2001,72190.0,-0.0790725738575837
COL,2002,70900.0,-0.018031098612988572
COL,2003,74900.0,0.05488345698509178
COL,2004,70320.0,-0.06309763714625127
COL,2005,61290.0,-0.13743955587928092
COL,2006,65180.0,0.06153597591177373
COL,2007,64920.0,-0.003996930763024764
COL,2008,70450.0,0.0817474956983002
COL,2009,85200.0,0.19009819549057916
COL,2010,88730.0,0.04059661701197648
COL,2011,99080.0,0.11032955377391396
COL,2012,102010.0,0.029143243073267655
COL,2013,102600.0,0.005767085042242215
COL,2014,106630.0,0.03852696529341948
COL,2015,111930.0,0.04850877787108665
COL,2016,114430.0,0.02208960642844815
COL,2017,124730.0,0.08618811880799448
COL,2018,149120.0,0.1785999497996631
COL,2019,187940.0,0.2313714120176371
COL,2020,187940.0,0.0
COM,2010,0.0,
COM,2011,0.0,
COM,2012,390.0,inf
COM,2013,1070.0,1.0092671883322595
COM,2014,0.0,-inf
COM,2015,0.0,
COM,2016,0.0,
COM,2017,0.0,
COM,2018,0.0,
COM,2019,0.0,
COM,2020,0.0,
CPV,1961,,
CPV,1962,,
CPV,1963,,
CPV,1964,,
CPV,1965,,
CPV,1966,,
CPV,1967,,
CPV,1968,,
CPV,1969,,
CPV,1970,,
CPV,1971,,
CPV,1972,,
CPV,1973,,
CPV,1974,,
CPV,1975,,
CPV,1976,,
CPV,1977,,
CPV,1978,,
CPV,1979,,
CPV,1980,,
CPV,1981,,
CPV,1982,,
CPV,1983,,
CPV,1984,,
CPV,1985,,
CPV,1986,,
CPV,1987,,
CPV,1988,,
CPV,1989,,
CPV,1990,,
CPV,1991,,
CPV,1992,,
CPV,1993,,
CPV,1994,,
CPV,1995,,
CPV,1996,,
CPV,1997,,
CPV,1998,,
CPV,1999,,
CPV,2000,,
CPV,2001,,
CPV,2002,,
CPV,2003,,
CPV,2004,,
CPV,2005,,
CPV,2006,,
CPV,2007,,
CPV,2008,,
CPV,2009,,
CPV,2010,,
CPV,2011,,
CPV,2012,,
CPV,2013,,
CPV,2014,,
CPV,2015,,
CPV,2016,,
CPV,2017,,
CPV,2018,0.0,
CPV,2019,,
CPV,2020,,
CRI,1961,0.0,
CRI,1962,0.0,
CRI,1963,0.0,
CRI,1964,0.0,
CRI,1965,0.0,
CRI,1966,0.0,
CRI,1967,0.0,
CRI,1968,0.0,
CRI,1969,0.0,
CRI,1970,0.0,
CRI,1971,0.0,
CRI,1972,0.0,
CRI,1973,0.0,
CRI,1974,40.0,inf
CRI,1975,50.0,0.2231435513142097
CRI,1976,60.0,0.18232155679395445
CRI,1977,60.0,0.0
CRI,1978,60.0,0.0
CRI,1979,100.0,0.5108256237659914
CRI,1980,350.0,1.2527629684953672
CRI,1981,400.0,0.13353139262452274
CRI,1982,460.0,0.13976194237515926
CRI,1983,520.0,0.12260232209233202
CRI,1984,380.0,-0.31365755885504143
CRI,1985,380.0,0.0
CRI,1986,380.0,0.0
CRI,1987,460.0,0.1910552367627094
CRI,1988,490.0,0.06317890162153095
CRI,1989,480.0,-0.020619287202735315
CRI,1990,560.0,0.15415067982725805
CRI,1991,1760.0,1.1451323043030026
CRI,1992,1790.0,0.016901810802603556
CRI,1993,3130.0,0.558817384699398
CRI,1994,3700.0,0.16729981509811687
CRI,1995,4860.0,0.27270561826222384
CRI,1996,5340.0,0.0941872150597014
CRI,1997,5090.0,-0.04794782240967166
CRI,1998,6500.0,0.24452434633915843
CRI,1999,7770.0,0.17846798747796555
CRI,2000,9350.0,0.1851061789210391
CRI,2001,9710.0,0.037779939002637875
CRI,2002,14790.0,0.42079499441947554
CRI,2003,16490.0,0.10880285984879912
CRI,2004,20630.0,0.22399219051165176
CRI,2005,19320.0,-0.06560549829878681
CRI,2006,15230.0,-0.23787366187730186
CRI,2007,21480.0,0.34385510273359365
CRI,2008,22760.0,0.05788233961746592
CRI,2009,22180.0,-0.025813627335908862
CRI,2010,23690.0,0.06586203624847187
CRI,2011,24720.0,0.04255961441879741
CRI,2012,24180.0,-0.022086787402844976
CRI,2013,27310.0,0.12172709029896822
CRI,2014,23560.0,-0.14770257670222797
CRI,2015,19150.0,-0.20724764315673205
CRI,2016,17150.0,-0.11030454201470441
CRI,2017,17150.0,0.0
CRI,2018,17150.0,0.0
CRI,2019,17150.0,0.0
CRI,2020,17150.0,0.0
CUB,1961,0.0,
CUB,1962,0.0,
CUB,1963,0.0,
CUB,1964,0.0,
CUB,1965,0.0,
CUB,1966,0.0,
CUB,1967,0.0,
CUB,1968,100.0,inf
CUB,1969,100.0,0.0
CUB,1970,200.0,0.6931471805599445
CUB,1971,200.0,0.0
CUB,1972,100.0,-0.6931471805599445
CUB,1973,210.0,0.7419373447293767
CUB,1974,550.0,0.9628107475090477
CUB,1975,1100.0,0.6931471805599454
CUB,1976,1100.0,0.0
CUB,1977,1200.0,0.08701137698963013
CUB,1978,2300.0,0.6505875661411498
CUB,1979,4300.0,0.6257058997644123
CUB,1980,5820.0,0.3026852390438304
CUB,1981,8890.0,0.42362678778246554
CUB,1982,11850.0,0.28740081805532824
CUB,1983,12880.0,0.08334785309506643
CUB,1984,14850.0,0.14232414457250187
CUB,1985,15540.0,0.04541747969079246
CUB,1986,15840.0,0.01912104144677862
CUB,1987,16730.0,0.05466512861245221
CUB,1988,14850.0,-0.11920364975002329
CUB,1989,17960.0,0.19014719762534504
CUB,1990,21970.0,0.20153082352246443
CUB,1991,20200.0,-0.08399528198935968
CUB,1992,23740.0,0.1614787847743635
CUB,1993,21830.0,-0.08387621861966998
CUB,1994,24620.0,0.12027395019445564
CUB,1995,28960.0,0.16235644676120664
CUB,1996,44710.0,0.4342816227283741
CUB,1997,41880.0,-0.0653888042435522
CUB,1998,40710.0,-0.028334623487449306
CUB,1999,41800.0,0.026422577015823734
CUB,2000,31730.0,-0.27563373393560653
CUB,2001,24710.0,-0.2500545855945866
CUB,2002,25820.0,0.04394136541797877
CUB,2003,26900.0,0.0409769011892962
CUB,2004,28500.0,0.057777800666812595
CUB,2005,20790.0,-0.3154319854046843
CUB,2006,23200.0,0.10968017680234254
CUB,2007,35900.0,0.4365850168219687
CUB,2008,34890.0,-0.028537040295550042
CUB,2009,33700.0,-0.034702417840366095
CUB,2010,28780.0,-0.1578171358990943
CUB,2011,21960.0,-0.2704580848178928
CUB,2012,23180.0,0.05406722127027663
CUB,2013,25630.0,0.10047370246437382
CUB,2014,27910.0,0.08522150717225152
CUB,2015,28230.0,0.011400194717166912
CUB,2016,24750.0,-0.13155975325069846
CUB,2017,26270.0,0.059602114682748564
CUB,2018,22920.0,-0.13641771185090867
CUB,2019,21020.0,-0.08653552639773388
CUB,2020,21020.0,0.0
CYP,1961,0.0,
CYP,1962,0.0,
CYP,1963,0.0,
CYP,1964,0.0,
CYP,1965,0.0,
CYP,1966,0.0,
CYP,1967,0.0,
CYP,1968,0.0,
CYP,1969,0.0,
CYP,1970,0.0,
CYP,1971,0.0,
CYP,1972,0.0,
CYP,1973,0.0,
CYP,1974,40.0,inf
CYP,1975,30.0,-0.2876820724517808
CYP,1976,30.0,0.0
CYP,1977,30.0,0.0
CYP,1978,30.0,0.0
CYP,1979,30.0,0.0
CYP,1980,30.0,0.0
CYP,1981,40.0,0.2876820724517808
CYP,1982,50.0,0.2231435513142097
CYP,1983,50.0,0.0
CYP,1984,60.0,0.18232155679395445
CYP,1985,60.0,0.0
CYP,1986,60.0,0.0
CYP,1987,50.0,-0.18232155679395445
CYP,1988,50.0,0.0
CYP,1989,60.0,0.18232155679395445
CYP,1990,70.0,0.15415067982725894
CYP,1991,70.0,0.0
CYP,1992,90.0,0.25131442828090567
CYP,1993,90.0,0.0
CYP,1994,90.0,0.0
CYP,1995,160.0,0.5753641449035616
CYP,1996,170.0,0.060624621816435464
CYP,1997,180.0,0.05715841383994835
CYP,1998,170.0,-0.05715841383994835
CYP,1999,140.0,-0.1941560144409582
CYP,2000,160.0,0.13353139262452274
CYP,2001,150.0,-0.06453852113757108
CYP,2002,140.0,-0.06899287148695166
CYP,2003,150.0,0.06899287148695166
CYP,2004,130.0,-0.14310084364067333
CYP,2005,100.0,-0.2623642644674904
CYP,2006,100.0,0.0
CYP,2007,110.0,0.09531017980432477
CYP,2008,80.0,-0.31845373111853537
CYP,2009,90.0,0.11778303565638382
CYP,2010,90.0,0.0
CYP,2011,90.0,0.0
CYP,2012,80.0,-0.11778303565638382
CYP,2013,80.0,0.0
CYP,2014,60.0,-0.2876820724517808
CYP,2015,60.0,0.0
CYP,2016,60.0,0.0
CYP,2017,60.0,0.0
CYP,2018,60.0,0.0
CYP,2019,70.0,0.15415067982725894
CYP,2020,70.0,0.0
CZE,1993,23430.0,
CZE,1994,22610.0,-0.03562496622982536
CZE,1995,22610.0,0.0
CZE,1996,21720.0,-0.0401587912241439
CZE,1997,20880.0,-0.039441732051296086
CZE,1998,21180.0,0.01426557715882204
CZE,1999,22960.0,0.08069623127810566
CZE,2000,24130.0,0.04970230818557475
CZE,2001,24740.0,0.024965487327401448
CZE,2002,24190.0,-0.022482042342407027
CZE,2003,24800.0,0.02490432854900071
CZE,2004,23910.0,-0.036546871700702255
CZE,2005,24700.0,0.032506462163697236
CZE,2006,25080.0,0.015267472130789272
CZE,2007,24720.0,-0.014458083175229675
CZE,2008,24560.0,-0.006493529310549917
CZE,2009,24180.0,-0.01559325809229506
CZE,2010,24410.0,0.00946703921822234
CZE,2011,24870.0,0.018669373410444834
CZE,2012,24800.0,-0.0028186046443767765
CZE,2013,23120.0,-0.07014560936675984
CZE,2014,23950.0,0.03527028005274779
CZE,2015,24040.0,0.0037507858100820357
CZE,2016,24460.0,0.017320020592020313
CZE,2017,25240.0,0.03139090741398576
CZE,2018,25400.0,0.00631913635147896
CZE,2019,24710.0,-0.02754115402397339
CZE,2020,24710.0,0.0
DEU,1961,20870.0,
DEU,1962,20720.0,-0.007213303697827911
DEU,1963,22880.0,0.099163749120315
DEU,1964,25130.0,0.09379918504390439
DEU,1965,24890.0,-0.009596235175999723
DEU,1966,27050.0,0.08322088891299018
DEU,1967,27200.0,0.005529968009460262
DEU,1968,29260.0,0.07300442229002613
DEU,1969,32210.0,0.09605556775112944
DEU,1970,38580.0,0.18045704413447616
DEU,1971,47740.0,0.2130356134331013
DEU,1972,44100.0,-0.07930983845788475
DEU,1973,41950.0,-0.04998134953958555
DEU,1974,44070.0,0.049300845940681626
DEU,1975,47190.0,0.06840272688440052
DEU,1976,45900.0,-0.027716888671797335
DEU,1977,48390.0,0.05282806373872795
DEU,1978,48120.0,-0.005595289698748118
DEU,1979,44350.0,-0.0815851823508904
DEU,1980,52530.0,0.16927172621028141
DEU,1981,51550.0,-0.01883222450290134
DEU,1982,45860.0,-0.11695893303321014
DEU,1983,49780.0,0.08202001950968807
DEU,1984,50560.0,0.015547452899156156
DEU,1985,51700.0,0.022297031675780232
DEU,1986,52770.0,0.02048506590319299
DEU,1987,52750.0,-0.0003790750613994476
DEU,1988,55270.0,0.04666649348899554
DEU,1989,59960.0,0.08144740738922529
DEU,1990,56530.0,-0.05890620254719714
DEU,1991,56170.0,-0.006388664142859213
DEU,1992,57080.0,0.016070986064294246
DEU,1993,57250.0,0.0029738498257145807
DEU,1994,56650.0,-0.010535654960333929
DEU,1995,69770.0,0.20831213047712893
DEU,1996,69470.0,-0.004309113246355523
DEU,1997,67760.0,-0.024922954360990346
DEU,1998,65790.0,-0.029504199245891982
DEU,1999,65230.004,-0.008548303968426652
DEU,2000,64230.004,-0.015449093583585594
DEU,2001,63770.0,-0.007187593218715094
DEU,2002,63140.0,-0.009928377197333305
DEU,2003,66430.0,0.05079427854730412
DEU,2004,64580.0,-0.028243996347020683
DEU,2005,53490.0,-0.18841004478697165
DEU,2006,49550.0,-0.07651245976716048
DEU,2007,51870.0,0.04575832758731124
DEU,2008,54610.0,0.05147642780075401
DEU,2009,52010.0,-0.04878100837908228
DEU,2010,51780.0,-0.0044320334615886026
DEU,2011,35310.0,-0.3828377643830976
DEU,2012,36640.0,0.03697432986563598
DEU,2013,37780.0,0.030639322267433045
DEU,2014,38320.0,0.01419209102929564
DEU,2015,42070.0,0.0933629444997699
DEU,2016,41720.0,-0.00835426746985668
DEU,2017,38270.0,-0.08631433069496097
DEU,2018,38270.0,0.0
DEU,2019,38270.0,0.0
DEU,2020,38270.0,0.0
DJI,1961,,
DJI,1962,,
DJI,1963,,
DJI,1964,,
DJI,1965,,
DJI,1966,,
DJI,1967,,
DJI,1968,,
DJI,1969,,
DJI,1970,,
DJI,1971,,
DJI,1972,,
DJI,1973,,
DJI,1974,,
DJI,1975,,
DJI,1976,,
DJI,1977,,
DJI,1978,,
DJI,1979,,
DJI,1980,,
DJI,1981,,
DJI,1982,,
DJI,1983,,
DJI,1984,,
DJI,1985,,
DJI,1986,,
DJI,1987,,
DJI,1988,,
DJI,1989,,
DJI,1990,,
DJI,1991,,
DJI,1992,,
DJI,1993,,
DJI,1994,,
DJI,1995,,
DJI,1996,,
DJI,1997,,
DJI,1998,,
DJI,1999,,
DJI,2000,,
DJI,2001,,
DJI,2002,,
DJI,2003,,
DJI,2004,,
DJI,2005,,
DJI,2006,,
DJI,2007,,
DJI,2008,,
DJI,2009,,
DJI,2010,,
DJI,2011,,
DJI,2012,,
DJI,2013,,
DJI,2014,,
DJI,2015,,
DJI,2016,,
DJI,2017,,
DJI,2018,0.0,
DJI,2019,,
DJI,2020,,
DMA,1961,0.0,
DMA,1962,0.0,
DMA,1963,0.0,
DMA,1964,0.0,
DMA,1965,0.0,
DMA,1966,0.0,
DMA,1967,0.0,
DMA,1968,0.0,
DMA,1969,0.0,
DMA,1970,0.0,
DMA,1971,0.0,
DMA,1972,0.0,
DMA,1973,0.0,
DMA,1974,0.0,
DMA,1975,0.0,
DMA,1976,0.0,
DMA,1977,0.0,
DMA,1978,0.0,
DMA,1979,0.0,
DMA,1980,0.0,
DMA,1981,0.0,
DMA,1982,0.0,
DMA,1983,0.0,
DMA,1984,0.0,
DMA,1985,0.0,
DMA,1986,0.0,
DMA,1987,0.0,
DMA,1988,0.0,
DMA,1989,0.0,
DMA,1990,0.0,
DMA,1991,0.0,
DMA,1992,0.0,
DMA,1993,0.0,
DMA,1994,0.0,
DMA,1995,0.0,
DMA,1996,0.0,
DMA,1997,0.0,
DMA,1998,0.0,
DMA,1999,0.0,
DMA,2000,0.0,
DMA,2001,10.0,inf
DMA,2002,10.0,0.0
DMA,2003,10.0,0.0
DMA,2004,20.0,0.693147180559945
DMA,2005,20.0,0.0
DMA,2006,20.0,0.0
DMA,2007,20.0,0.0
DMA,2008,20.0,0.0
DMA,2009,20.0,0.0
DMA,2010,10.0,-0.693147180559945
DMA,2011,10.0,0.0
DMA,2012,10.0,0.0
DMA,2013,10.0,0.0
DMA,2014,10.0,0.0
DMA,2015,10.0,0.0
DMA,2016,10.0,0.0
DMA,2017,10.0,0.0
DMA,2018,10.0,0.0
DMA,2019,10.0,0.0
DMA,2020,10.0,0.0
DNK,1961,15000.0,
DNK,1962,14200.0,-0.054808236494995555
DNK,1963,14000.0,-0.014184634991956102
DNK,1964,14400.0,0.028170876966695957
DNK,1965,17800.0,0.21197025071608522
DNK,1966,20900.0,0.1605507016727259
DNK,1967,22900.0,0.09138775158942813
DNK,1968,26300.0,0.13843202862352477
DNK,1969,18300.0,-0.3626678793363425
DNK,1970,15100.0,-0.19220631602649796
DNK,1971,18100.0,0.1812171944509018
DNK,1972,20000.0,0.09982033528221024
DNK,1973,19550.0,-0.022756987122615868
DNK,1974,18130.0,-0.07540726166461376
DNK,1975,21650.0,0.17743742968173848
DNK,1976,19860.0,-0.0862977958314719
DNK,1977,18330.0,-0.08016859676541266
DNK,1978,19580.0,0.0659695752507492
DNK,1979,20210.0,0.03166889431316555
DNK,1980,22060.0,0.08758848240982786
DNK,1981,24930.0,0.12230588371011031
DNK,1982,25800.0,0.03430259439210381
DNK,1983,29050.0,0.11864399137034987
DNK,1984,27800.0,-0.04398246260132943
DNK,1985,30860.0,0.10442482623842331
DNK,1986,28610.0,-0.07570453987299608
DNK,1987,29230.0,0.021439272061135384
DNK,1988,33060.0,0.12312851326972307
DNK,1989,39020.0,0.16575024280208694
DNK,1990,47010.0,0.18628600984107457
DNK,1991,45360.0,-0.035729685616542994
DNK,1992,46230.0,0.018998278580637518
DNK,1993,41970.0,-0.09667386065463468
DNK,1994,45290.0,0.07613118022262455
DNK,1995,46680.0,0.030229549850231408
DNK,1996,43560.0,-0.06917650935359454
DNK,1997,41390.0,-0.05109999230411866
DNK,1998,43970.0,0.0604682774320775
DNK,1999,44180.0,0.004764614799253053
DNK,2000,45000.0,0.01839029177834739
DNK,2001,42970.0,-0.04616029198341565
DNK,2002,33160.0,-0.25915786751980896
DNK,2003,39140.0,0.1658006317008347
DNK,2004,43960.0,0.11613516756749043
DNK,2005,39660.0,-0.10293700644377068
DNK,2006,37770.0,-0.048827986367284026
DNK,2007,30980.0,-0.1981733017356433
DNK,2008,23960.0,-0.256956061741473
DNK,2009,32310.002,0.29899106848949586
DNK,2010,35260.0,0.08737233523297938
DNK,2011,35120.0,-0.003978408202808481
DNK,2012,34180.0,-0.02713009107947073
DNK,2013,35950.0,0.050488406479610504
DNK,2014,33180.0,-0.08018179940475711
DNK,2015,35110.0,0.05653870541804196
DNK,2016,34550.0,-0.016078439966660696
DNK,2017,35530.0,0.02796985981925637
DNK,2018,35530.0,0.0
DNK,2019,35530.0,0.0
DNK,2020,35530.0,0.0
DOM,1961,200.0,
DOM,1962,300.0,0.4054651081081646
DOM,1963,500.0,0.5108256237659905
DOM,1964,500.0,0.0
DOM,1965,500.0,0.0
DOM,1966,600.0,0.1823215567939549
DOM,1967,300.0,-0.6931471805599454
DOM,1968,400.0,0.2876820724517808
DOM,1969,300.0,-0.2876820724517808
DOM,1970,200.0,-0.4054651081081646
DOM,1971,500.0,0.9162907318741551
DOM,1972,1000.0,0.6931471805599454
DOM,1973,300.0,-1.203972804325936
DOM,1974,360.0,0.1823215567939549
DOM,1975,600.0,0.5108256237659905
DOM,1976,620.0,0.032789822822991255
DOM,1977,360.0,-0.5436154465889818
DOM,1978,510.0,0.34830669426821537
DOM,1979,1040.0,0.7125652664170472
DOM,1980,2460.0,0.86094063679099
DOM,1981,2840.0,0.1436427022288438
DOM,1982,1720.0,-0.5014797613477535
DOM,1983,1900.0,0.09952959534703343
DOM,1984,1030.0,-0.6122950839308503
DOM,1985,1280.0,0.21730127568998103
DOM,1986,850.0,-0.4093790074293002
DOM,1987,1850.0,0.7777045685880077
DOM,1988,1200.0,-0.4328640822962786
DOM,1989,1920.0,0.4700036292457357
DOM,1990,1440.0,-0.2876820724517808
DOM,1991,1260.0,-0.13353139262452274
DOM,1992,1570.0,0.21996389839682973
DOM,1993,2440.0,0.44092241994489356
DOM,1994,6370.0,0.959601430278961
DOM,1995,3870.0,-0.49834496254238125
DOM,1996,610.0,-1.8475508288564697
DOM,1997,1660.0,1.0011139241832314
DOM,1998,1820.0,0.09201889872025237
DOM,1999,1330.0,-0.31365755885504143
DOM,2000,1800.0,0.3026077226684567
DOM,2001,3170.0,0.5659449229870708
DOM,2002,4650.0,0.3831356317100756
DOM,2003,2620.0,-0.5736929018262602
DOM,2004,3100.0,0.1682277937180947
DOM,2005,1650.0,-0.630626823578611
DOM,2006,1820.0,0.09806121317621486
DOM,2007,1400.0,-0.2623642644674913
DOM,2008,1630.0,0.15210777819745847
DOM,2009,450.0,-1.2870877110364427
DOM,2010,360.0,-0.2231435513142097
DOM,2011,2260.0,1.8370160608161754
DOM,2012,1550.0,-0.37710988235303855
DOM,2013,1380.0,-0.11617143176204259
DOM,2014,2120.0,0.4293325895148081
DOM,2015,2560.0,0.18859116980754997
DOM,2016,2490.0,-0.02772454801485491
DOM,2017,2780.0,0.11016821722592951
DOM,2018,3600.0,0.25848291775951804
DOM,2019,3530.0,-0.0196359745168575
DOM,2020,3530.0,0.0
DZA,1961,0.0,
DZA,1962,0.0,
DZA,1963,0.0,
DZA,1964,0.0,
DZA,1965,0.0,
DZA,1966,0.0,
DZA,1967,0.0,
DZA,1968,0.0,
DZA,1969,0.0,
DZA,1970,0.0,
DZA,1971,0.0,
DZA,1972,0.0,
DZA,1973,0.0,
DZA,1974,50.0,inf
DZA,1975,0.0,-inf
DZA,1976,0.0,
DZA,1977,0.0,
DZA,1978,0.0,
DZA,1979,0.0,
DZA,1980,0.0,
DZA,1981,0.0,
DZA,1982,0.0,
DZA,1983,0.0,
DZA,1984,60.0,inf
DZA,1985,100.0,0.5108256237659914
DZA,1986,200.0,0.6931471805599445
DZA,1987,220.0,0.09531017980432566
DZA,1988,260.0,0.16705408466316563
DZA,1989,340.0,0.26826398659467987
DZA,1990,360.0,0.05715841383994835
DZA,1991,70.0,-1.6376087894007965
DZA,1992,120.0,0.5389965007326865
DZA,1993,200.0,0.5108256237659905
DZA,1994,310.0,0.43825493093115586
DZA,1995,300.0,-0.032789822822991255
DZA,1996,260.0,-0.14310084364067333
DZA,1997,260.0,0.0
DZA,1998,250.0,-0.03922071315328157
DZA,1999,200.0,-0.2231435513142097
DZA,2000,280.0,0.33647223662121295
DZA,2001,360.0,0.25131442828090655
DZA,2002,380.0,0.054067221270275745
DZA,2003,390.0,0.02597548640326064
DZA,2004,570.0,0.37948962170490397
DZA,2005,350.0,-0.4877032063451372
DZA,2006,260.0,-0.2972515234679314
DZA,2007,350.0,0.2972515234679314
DZA,2008,2720.0,2.050454004806584
DZA,2009,2090.0,-0.26346781433118593
DZA,2010,1640.0,-0.24246782414061308
DZA,2011,2060.0,0.2280097409653834
DZA,2012,2340.0,0.12744494656811955
DZA,2013,1900.0,-0.20829704319721465
DZA,2014,1530.0,-0.21658615076805088
DZA,2015,1060.0,-0.36699882728036837
DZA,2016,1100.0,0.037041271680348764
DZA,2017,1140.0,0.03571808260207998
DZA,2018,3100.0,1.0003738490846956
DZA,2019,2510.0,-0.2111193583474078
DZA,2020,2510.0,0.0
ECU,1961,0.0,
ECU,1962,0.0,
ECU,1963,0.0,
ECU,1964,0.0,
ECU,1965,0.0,
ECU,1966,0.0,
ECU,1967,0.0,
ECU,1968,0.0,
ECU,1969,0.0,
ECU,1970,0.0,
ECU,1971,0.0,
ECU,1972,0.0,
ECU,1973,0.0,
ECU,1974,0.0,
ECU,1975,0.0,
ECU,1976,0.0,
ECU,1977,0.0,
ECU,1978,0.0,
ECU,1979,160.0,inf
ECU,1980,210.0,0.27193371548364187
ECU,1981,330.0,0.4519851237430572
ECU,1982,520.0,0.4547361571149473
ECU,1983,850.0,0.4914075379088896
ECU,1984,990.0,0.15246859364427312
ECU,1985,870.0,-0.1292117314800061
ECU,1986,900.0,0.03390155167568132
ECU,1987,1100.0,0.20067069546215066
ECU,1988,960.0,-0.13613217432457958
ECU,1989,960.0,0.0
ECU,1990,1060.0,0.09909090264423082
ECU,1991,1620.0,0.4241572411203167
ECU,1992,3040.0,0.6294313661738373
ECU,1993,4730.0,0.44206768708571254
ECU,1994,670.0,-1.9544027691009678
ECU,1995,930.0,0.32790687376228966
ECU,1996,1260.0,0.3036824137982226
ECU,1997,2160.0,0.5389965007326865
ECU,1998,2160.0,0.0
ECU,1999,4890.0,0.817084081790707
ECU,2000,9630.0,0.6776909223232543
ECU,2001,10740.0,0.10909186327068454
ECU,2002,12410.0,0.1445275101357968
ECU,2003,18150.0,0.38016796149434384
ECU,2004,19290.0,0.06091626620677815
ECU,2005,20280.0,0.05004835180534428
ECU,2006,20480.0,0.009813621448325094
ECU,2007,21110.0,0.030298061688922573
ECU,2008,22210.0,0.05079577604610641
ECU,2009,39190.0,0.567878974305204
ECU,2010,49380.0,0.23112387170549376
ECU,2011,49780.0,0.008067813022412551
ECU,2012,41520.0,-0.18143805808181312
ECU,2013,28370.0,-0.3808429900368733
ECU,2014,28290.0,-0.0028238635072845852
ECU,2015,23500.0,-0.1855079641633619
ECU,2016,28860.0,0.20545613219561076
ECU,2017,29270.0,0.014106547358069932
ECU,2018,29270.0,0.0
ECU,2019,29270.0,0.0
ECU,2020,29270.0,0.0
EGY,1961,55200.0,
EGY,1962,55000.0,-0.0036297680505796848
EGY,1963,60400.0,0.0936559197082989
EGY,1964,90700.0,0.4065682521803211
EGY,1965,62900.0,-0.36601119341469435
EGY,1966,71800.0,0.13233831234778215
EGY,1967,55000.0,-0.2665512908217078
EGY,1968,52000.0,-0.056089466651043196
EGY,1969,52000.0,0.0
EGY,1970,53700.0,0.03216928293339194
EGY,1971,53200.0,-0.009354605167219532
EGY,1972,55000.0,0.03327478888487079
EGY,1973,65700.0,0.17776574025809566
EGY,1974,68700.0,0.04465027373773722
EGY,1975,75000.0,0.08773891430800695
EGY,1976,69620.0,-0.07443623115301712
EGY,1977,72720.0,0.04356456748593018
EGY,1978,75000.0,0.030871663667086935
EGY,1979,93650.0,0.22207631535378702
EGY,1980,105550.0,0.11962034540423261
EGY,1981,104810.0,-0.007035587112243391
EGY,1982,128100.01,0.20066209978461202
EGY,1983,127690.0,-0.0032058355301085584
EGY,1984,133990.0,0.04815971886392667
EGY,1985,168300.0,0.22798293089624444
EGY,1986,181810.0,0.07721408453442002
EGY,1987,165710.0,-0.092722913089478
EGY,1988,208050.0,0.22753916278724695
EGY,1989,193970.0,-0.07007492749874977
EGY,1990,212780.0,0.0925552601580204
EGY,1991,233260.0,0.09189494317468316
EGY,1992,233440.0,0.0007713735115721931
EGY,1993,233480.0,0.00017133556111481596
EGY,1994,245660.0,0.050852045775357624
EGY,1995,274640.0,0.11151268303848916
EGY,1996,289930.0,0.05417836538406284
EGY,1997,303250.0,0.04491803329066002
EGY,1998,359950.0,0.17140758509115095
EGY,1999,404430.0,0.11651353545577159
EGY,2000,459810.0,0.12833469230784367
EGY,2001,500300.0,0.08439455781523364
EGY,2002,512820.0,0.02471698791182142
EGY,2003,576570.0,0.11717184830844118
EGY,2004,573900.0,-0.004641589600105078
EGY,2005,574060.0,0.00027875535913324256
EGY,2006,564100.0,-0.01750237972752089
EGY,2007,575710.0,0.020372520943043426
EGY,2008,669230.0,0.1505237360662175
EGY,2009,706870.0,0.05471897570379447
EGY,2010,979200.0,0.3258891382990772
EGY,2011,1046850.0,0.06680502237320773
EGY,2012,1047770.0,0.000878441014751985
EGY,2013,1142570.0,0.08661601489206916
EGY,2014,1166480.0,0.02071055596993787
EGY,2015,1174000.0,0.006426054380012758
EGY,2016,1337580.0,0.13044528967750146
EGY,2017,1363120.0,0.018914178841439977
EGY,2018,1481080.0,0.0829953614576251
EGY,2019,1537290.0,0.03724957462157974
EGY,2020,1537290.0,0.0
ESP,1961,9600.0,
ESP,1962,10600.0,0.09909090264422993
ESP,1963,11700.0,0.09873484068569027
ESP,1964,12600.0,0.07410797215372078
ESP,1965,12200.0,-0.03226086221822122
ESP,1966,12200.0,0.0
ESP,1967,12300.0,0.008163310639160315
ESP,1968,12400.0,0.00809721023262
ESP,1969,13000.0,0.04725288485054513
ESP,1970,14400.0,0.10227884912041851
ESP,1971,16299.999,0.12393683988106652
ESP,1972,13600.0,-0.18109525372101487
ESP,1973,13500.0,-0.007380107297622729
ESP,1974,14800.0,0.09193749532568596
ESP,1975,14170.0,-0.043500127067479966
ESP,1976,17680.0,0.22130700350690802
ESP,1977,18370.0,0.03828484201753746
ESP,1978,19170.0,0.04262765783051847
ESP,1979,24470.0,0.2441013203970268
ESP,1980,32369.998,0.2797841286979672
ESP,1981,29300.0,-0.09964449012952592
ESP,1982,28350.0,-0.03296048584926048
ESP,1983,22300.0,-0.24004035170768745
ESP,1984,23490.0,0.05198812020474719
ESP,1985,22640.0,-0.03685654533583893
ESP,1986,23710.0,0.046178646742331964
ESP,1987,24670.0,0.03969103046395084
ESP,1988,24900.0,0.00927987292939747
ESP,1989,25780.0,0.034731194040379165
ESP,1990,27300.0,0.05728770467987232
ESP,1991,26390.0,-0.03390155167568132
ESP,1992,27110.0,0.026917512995341397
ESP,1993,27740.0,0.022972751376112654
ESP,1994,27580.0,-0.005784542521530156
ESP,1995,29260.0,0.05913052322682155
ESP,1996,32430.0,0.10286252472724833
ESP,1997,36780.0,0.1258702988569489
ESP,1998,37700.0,0.024705875277790668
ESP,1999,37560.0,-0.0037204401139039334
ESP,2000,40050.0,0.0641890191743073
ESP,2001,41630.0,0.038692387692515595
ESP,2002,41800.0,0.004075278323826481
ESP,2003,39430.0,-0.05836939164117538
ESP,2004,34880.0,-0.1226133488487573
ESP,2005,31260.0,-0.10957427404744813
ESP,2006,30760.0,-0.016124180355886253
ESP,2007,30720.0,-0.001301236357972968
ESP,2008,27060.0,-0.12685728553682907
ESP,2009,23880.0,-0.12501533421824007
ESP,2010,22820.0,-0.04540394409047188
ESP,2011,21860.0,-0.042978861685536884
ESP,2012,21530.0,-0.015211171372120802
ESP,2013,21130.0,-0.0187534797483071
ESP,2014,20400.0,-0.035158930777795305
ESP,2015,21410.0,0.0483232017514208
ESP,2016,22640.0,0.05586015073339112
ESP,2017,22120.0,-0.023236076680847262
ESP,2018,15570.0,-0.3511361908082282
ESP,2019,22250.0,0.35699602276634224
ESP,2020,22250.0,0.0
EST,1992,5690.0,
EST,1993,4800.0,-0.17009433022439424
EST,1994,3580.0,-0.29325311750123717
EST,1995,3940.0,0.09581792289723445
EST,1996,4090.0002,0.03736429564462185
EST,1997,3920.0,-0.042453365152093525
EST,1998,5170.0,0.2767810347179669
EST,1999,4230.0,-0.20067069546215066
EST,2000,4350.0,0.027973852042405767
EST,2001,4000.0,-0.0838814839807025
EST,2002,6140.0,0.4285303810391614
EST,2003,5460.0,-0.11737595240223797
EST,2004,4120.0,-0.2815956263953794
EST,2005,4200.0,0.019231361927888102
EST,2006,5490.0,0.2678437302321157
EST,2007,5170.0,-0.060055567001100485
EST,2008,5460.0,0.05457610123647605
EST,2009,5470.0,0.0018298266770759852
EST,2010,5160.0,-0.058342036940418396
EST,2011,4750.0,-0.08279196144692236
EST,2012,5160.0,0.08279196144692236
EST,2013,5960.0,0.14413390158378725
EST,2014,6350.0,0.06338433182734171
EST,2015,6050.0,-0.04839654086184986
EST,2016,6770.0,0.11244281488143315
EST,2017,6350.0,-0.0640462740195833
EST,2018,6350.0,0.0
EST,2019,6350.0,0.0
EST,2020,6350.0,0.0
ETH,1993,4200.0,
ETH,1994,5320.0,0.23638877806422975
ETH,1995,6380.0,0.18169479400314614
ETH,1996,8810.0,0.32271934259138924
ETH,1997,10390.0,0.16495636516304835
ETH,1998,14010.0,0.29892755523778014
ETH,1999,15870.0,0.12465917418940187
ETH,2000,15700.0,-0.010769822184055755
ETH,2001,15410.0,-0.0186440630222382
ETH,2002,12310.0,-0.22460470913566155
ETH,2003,9230.0,-0.2879528916816021
ETH,2004,10030.0,0.08312155345908323
ETH,2005,9470.0,-0.057451694775856765
ETH,2006,9920.0,0.04642401409879504
ETH,2007,13280.0,0.2917062227515057
ETH,2008,16800.0,0.2351197423609257
ETH,2009,17070.0,0.0159436503971353
ETH,2010,18080.0,0.057483818157681554
ETH,2011,24070.0,0.28615989683095044
ETH,2012,28990.0,0.18598469113858407
ETH,2013,38420.0,0.28162721440684635
ETH,2014,50200.0,0.2674368693572724
ETH,2015,45610.0,-0.09588803597407392
ETH,2016,50090.0,0.09369439664591539
ETH,2017,56130.0,0.11384904158458298
ETH,2018,57330.0,0.02115361796618309
ETH,2019,59430.0,0.03597510245827884
ETH,2020,59430.0,0.0
FIN,1961,29900.0,
FIN,1962,31400.0,0.048949412517567126
FIN,1963,29900.0,-0.048949412517567126
FIN,1964,25100.0,-0.1749906342589025
FIN,1965,25950.0,0.03330376347415864
FIN,1966,26990.0,0.03929481741801588
FIN,1967,28090.0,0.039947214086240024
FIN,1968,30800.0,0.09210104886337689
FIN,1969,29600.0,-0.03974032864951482
FIN,1970,28400.0,-0.04138521616285473
FIN,1971,30100.0,0.05813602658767003
FIN,1972,31500.0,0.04546237407675768
FIN,1973,29400.0,-0.06899287148695166
FIN,1974,36690.0,0.22150956402255417
FIN,1975,37410.0,0.019433809992865037
FIN,1976,38330.0,0.02429483103240848
FIN,1977,36050.0,-0.061326015661505195
FIN,1978,45160.0,0.22530487555050271
FIN,1979,44080.0,-0.02420557443680238
FIN,1980,81370.0,0.6130004898639072
FIN,1981,81160.0,-0.0025841397509527297
FIN,1982,81230.0,0.0008621221052482753
FIN,1983,82640.0,0.01720918774852187
FIN,1984,83930.0,0.015489293283351913
FIN,1985,83850.0,-0.000953629825517055
FIN,1986,77090.0,-0.08405591779804844
FIN,1987,78150.0,0.013656486396316225
FIN,1988,77100.0,-0.013526776298203202
FIN,1989,79540.0,0.031156759210261953
FIN,1990,81240.0,0.021147696932638738
FIN,1991,82880.0,0.019986041798988552
FIN,1992,92800.0,0.11305286128098224
FIN,1993,92700.0,-0.0010781672203457049
FIN,1994,80210.0,-0.14472027719297564
FIN,1995,82200.0,0.02450710668330025
FIN,1996,83760.0,0.0188002645001486
FIN,1997,82660.0,-0.013219757478696081
FIN,1998,72600.0,-0.12977088725283537
FIN,1999,71800.0,-0.011080445776572745
FIN,2000,64580.0,-0.1059797107240481
FIN,2001,64690.004,0.0017019265591216026
FIN,2002,62500.0,-0.03444013514689637
FIN,2003,59930.0,-0.041989342272261254
FIN,2004,59440.0,-0.008209814060590404
FIN,2005,60690.0,0.020811539438261306
FIN,2006,62280.0,0.02586140711803253
FIN,2007,62380.0,0.001604364213859455
FIN,2008,52930.0,-0.16427442530975966
FIN,2009,52970.0,0.0007554296865386334
FIN,2010,49180.0,-0.07423867876838841
FIN,2011,49830.0,0.01313017550526574
FIN,2012,46240.0,-0.07477198792919104
FIN,2013,47350.0,0.0237215952679648
FIN,2014,53380.0,0.11986932434429143
FIN,2015,53560.0,0.0033663768465928
FIN,2016,53740.0,0.0033550823643739847
FIN,2017,53880.0,0.0026017483548184117
FIN,2018,53880.0,0.0
FIN,2019,53880.0,0.0
FIN,2020,53880.0,0.0
FJI,1961,0.0,
FJI,1962,0.0,
FJI,1963,0.0,
FJI,1964,0.0,
FJI,1965,0.0,
FJI,1966,0.0,
FJI,1967,0.0,
FJI,1968,0.0,
FJI,1969,0.0,
FJI,1970,0.0,
FJI,1971,0.0,
FJI,1972,100.0,inf
FJI,1973,100.0,0.0
FJI,1974,60.0,-0.5108256237659914
FJI,1975,60.0,0.0
FJI,1976,60.0,0.0
FJI,1977,60.0,0.0
FJI,1978,80.0,0.2876820724517808
FJI,1979,120.0,0.4054651081081646
FJI,1980,200.0,0.5108256237659905
FJI,1981,120.0,-0.5108256237659905
FJI,1982,120.0,0.0
FJI,1983,120.0,0.0
FJI,1984,150.0,0.2231435513142097
FJI,1985,120.0,-0.2231435513142097
FJI,1986,100.0,-0.182321556793954
FJI,1987,340.0,1.2237754316221157
FJI,1988,90.0,-1.3291359472799424
FJI,1989,410.0,1.5163474893680888
FJI,1990,430.0,0.04762804898925399
FJI,1991,40.0,-2.3749057545736716
FJI,1992,100.0,0.9162907318741556
FJI,1993,100.0,0.0
FJI,1994,100.0,0.0
FJI,1995,100.0,0.0
FJI,1996,190.0,0.6418538861723944
FJI,1997,310.0,0.489548225318706
FJI,1998,550.0,0.573345980747324
FJI,1999,620.0,0.11980119981262138
FJI,2000,620.0,0.0
FJI,2001,570.0,-0.0840831172105414
FJI,2002,610.0,0.06782259633876109
FJI,2003,130.0,-1.545924506711775
FJI,2004,100.0,-0.2623642644674904
FJI,2005,110.0,0.09531017980432477
FJI,2006,430.0,1.3633048428951913
FJI,2007,400.0,-0.07232066157962613
FJI,2008,570.0,0.35417181372061446
FJI,2009,350.0,-0.4877032063451372
FJI,2010,290.0,-0.18805223150293937
FJI,2011,220.0,-0.27625337662815763
FJI,2012,220.0,0.0
FJI,2013,220.0,0.0
FJI,2014,240.0,0.08701137698962924
FJI,2015,240.0,0.0
FJI,2016,250.0,0.04082199452025481
FJI,2017,280.0,0.11332868530700324
FJI,2018,280.0,0.0
FJI,2019,280.0,0.0
FJI,2020,280.0,0.0
FRA,1961,6100.0,
FRA,1962,6500.0,0.06351340572232544
FRA,1963,7400.0,0.1296778233085334
FRA,1964,9000.0,0.19574457712609572
FRA,1965,12100.0,0.2959808752664763
FRA,1966,12700.0,0.04839654086184986
FRA,1967,15010.0,0.16711465218082466
FRA,1968,16110.001,0.07072361361675661
FRA,1969,12630.0,-0.24336532289972723
FRA,1970,15130.0,0.18060459143786467
FRA,1971,18200.0,0.18474206628248524
FRA,1972,17010.0,-0.06762018767497935
FRA,1973,19630.0,0.14325760188059888
FRA,1974,19460.0,-0.008697931530511127
FRA,1975,19720.0,0.013272272416630315
FRA,1976,19040.0,-0.03509131981126856
FRA,1977,19200.0,0.008368249670516192
FRA,1978,23000.0,0.1805839368954132
FRA,1979,26350.0,0.13597405905822235
FRA,1980,28430.0,0.07597665067553727
FRA,1981,30950.0,0.0849280734676956
FRA,1982,29550.0,-0.04628925527849681
FRA,1983,31250.0,0.05593563233030352
FRA,1984,31350.0,0.0031948908965180323
FRA,1985,34680.0,0.10094888483341258
FRA,1986,43950.0,0.23688947221884327
FRA,1987,46730.0,0.061333732581148936
FRA,1988,49700.0,0.06161857639024859
FRA,1989,47720.0,-0.040654335872867264
FRA,1990,54230.0,0.12788366362325299
FRA,1991,55320.0,0.019900245943588857
FRA,1992,59430.0,0.07166464258201266
FRA,1993,63770.0,0.07048371094860961
FRA,1994,66470.0,0.04146785772631034
FRA,1995,66930.0,0.006896579059061381
FRA,1996,70000.0,0.04484794493680688
FRA,1997,71810.0,0.025528500072868
FRA,1998,63660.0,-0.12046732026827911
FRA,1999,57280.0,-0.10560489920155725
FRA,2000,58110.0,0.01438624343462358
FRA,2001,62760.0,0.07698016177781852
FRA,2002,61410.0,-0.021745239523523807
FRA,2003,54300.0,-0.12304846140141912
FRA,2004,49040.0,-0.10188793531193241
FRA,2005,46340.0,-0.056630772623726955
FRA,2006,45280.0,-0.023140085109302433
FRA,2007,45190.0,-0.0019896104717389562
FRA,2008,47420.0,0.04816825721407092
FRA,2009,44760.0,-0.05772919719353453
FRA,2010,46490.0,0.037922352258767944
FRA,2011,43450.0,-0.067626383991092
FRA,2012,42770.0,-0.015773929472583603
FRA,2013,42200.0,-0.013416701196851122
FRA,2014,41420.0,-0.01865636507452706
FRA,2015,35400.0,-0.15705203582771077
FRA,2016,37450.0,0.056294889823499616
FRA,2017,37660.0,0.0055918132657790665
FRA,2018,40070.0,0.06202940141904634
FRA,2019,42430.0,0.05722773456617958
FRA,2020,42430.0,0.0
FSM,2019,10.0,
FSM,2020,10.0,0.0
GAB,1961,1000.0,
GAB,1962,1300.0,0.2623642644674913
GAB,1963,1300.0,0.0
GAB,1964,1300.0,0.0
GAB,1965,1300.0,0.0
GAB,1966,1300.0,0.0
GAB,1967,1500.0,0.14310084364067333
GAB,1968,1500.0,0.0
GAB,1969,1500.0,0.0
GAB,1970,1800.0,0.1823215567939549
GAB,1971,1800.0,0.0
GAB,1972,1800.0,0.0
GAB,1973,1800.0,0.0
GAB,1974,1800.0,0.0
GAB,1975,1800.0,0.0
GAB,1976,1800.0,0.0
GAB,1977,1800.0,0.0
GAB,1978,1800.0,0.0
GAB,1979,1800.0,0.0
GAB,1980,1800.0,0.0
GAB,1981,1800.0,0.0
GAB,1982,1800.0,0.0
GAB,1983,1800.0,0.0
GAB,1984,1800.0,0.0
GAB,1985,1800.0,0.0
GAB,1986,1980.0,0.09531017980432477
GAB,1987,1900.0,-0.04124295853404902
GAB,1988,1900.0,0.0
GAB,1989,1900.0,0.0
GAB,1990,2000.0,0.05129329438755015
GAB,1991,2000.0,0.0
GAB,1992,2000.0,0.0
GAB,1993,3510.0,0.56246885691783
GAB,1994,4530.0,0.2551059020171671
GAB,1995,7660.0,0.5252900442575577
GAB,1996,10060.0,0.2725551809190936
GAB,1997,9970.0,-0.008986580697847302
GAB,1998,9130.0,-0.0880148893668693
GAB,1999,10930.0,0.17994560758157085
GAB,2000,11390.0,0.04122447527064388
GAB,2001,10240.0,-0.1064341578477297
GAB,2002,9670.0,-0.05727331014615977
GAB,2003,9870.0,0.02047154398018769
GAB,2004,8690.0,-0.12732691416808883
GAB,2005,10160.0,0.15628550287303433
GAB,2006,9840.0,-0.03200273108617324
GAB,2007,10240.0,0.039845908547199826
GAB,2008,10910.0,0.06337818023361663
GAB,2009,10810.0,-0.00920816819386161
GAB,2010,10960.0,0.013780649868753159
GAB,2011,11180.0,0.019874186207083255
GAB,2012,11290.0,0.009790910434617217
GAB,2013,11490.0,0.017559713699093038
GAB,2014,11660.0,0.014687089061682812
GAB,2015,10910.0,-0.06648438107736787
GAB,2016,10900.0,-0.0009170106098803643
GAB,2017,10900.0,0.0
GAB,2018,10900.0,0.0
GAB,2019,10900.0,0.0
GAB,2020,10900.0,0.0
GBR,1961,2540.0,
GBR,1962,3640.0,0.35981960061820306
GBR,1963,2840.0,-0.2481796294755334
GBR,1964,3600.0,0.23712979328894868
GBR,1965,3400.0,-0.05715841383994835
GBR,1966,3400.0,0.0
GBR,1967,3400.0,0.0
GBR,1968,2500.0,-0.30748469974796055
GBR,1969,2800.0,0.11332868530700324
GBR,1970,3100.0,0.10178269430994202
GBR,1971,3200.0,0.0317486983145816
GBR,1972,3200.0,0.0
GBR,1973,3700.0,0.14518200984449692
GBR,1974,3520.0,-0.04987183004017304
GBR,1975,3720.0,0.055262678675049415
GBR,1976,2530.0,-0.38550436554562584
GBR,1977,3110.0,0.20640342345171359
GBR,1978,3460.0,0.10664586287849076
GBR,1979,4450.0,0.25163550710851545
GBR,1980,5350.0,0.18419246472976702
GBR,1981,6610.0,0.2114870929556787
GBR,1982,14100.0,0.7575911435205285
GBR,1983,14510.0,0.02866326951197351
GBR,1984,18830.0,0.26061327577296467
GBR,1985,21380.0,0.12700456292783713
GBR,1986,24530.0,0.13744095267349898
GBR,1987,28770.0,0.15943631929305901
GBR,1988,34890.0,0.19286707763522593
GBR,1989,49240.0,0.3445060461175711
GBR,1990,49930.0,0.013915723196264551
GBR,1991,57370.0,0.13889949410126157
GBR,1992,53870.0,-0.06294778192133776
GBR,1993,65290.0,0.19226514850610066
GBR,1994,82920.0,0.2390374023690356
GBR,1995,89140.0,0.07233187995083235
GBR,1996,104810.0,0.1619410196636757
GBR,1997,119530.0,0.13141819870780402
GBR,1998,133280.0,0.10888479252864158
GBR,1999,149620.0,0.1156465680257277
GBR,2000,148010.0,-0.010818907395162114
GBR,2001,154930.0,0.04569356295910332
GBR,2002,163560.0,0.054206493488241136
GBR,2003,164820.0,0.007674073838796147
GBR,2004,175400.0,0.06221511060284435
GBR,2005,143790.0,-0.19871517809843198
GBR,2006,147930.0,0.028385287064494946
GBR,2007,148590.0,0.004451646364110218
GBR,2008,144790.0,-0.02590641847492492
GBR,2009,149420.0,0.03147671575432476
GBR,2010,171710.0,0.13904587477805563
GBR,2011,173680.0,0.011407518244325843
GBR,2012,180070.0,0.03613113861137762
GBR,2013,178920.0,-0.00640688561676761
GBR,2014,193480.0,0.07823536939013565
GBR,2015,188290.0,-0.02719082044644594
GBR,2016,178200.0,-0.055076812471627434
GBR,2017,204430.0,0.13731910356020727
GBR,2018,169520.0,-0.18725470463687266
GBR,2019,204050.0,0.18539414789177044
GBR,2020,204050.0,0.0
GEO,1992,1240.0,
GEO,1993,1130.0,-0.09289374689269714
GEO,1994,240.0,-1.5493339883643946
GEO,1995,250.0,0.04082199452025481
GEO,1996,110.0,-0.8209805520698295
GEO,1997,60.0,-0.6061358035703162
GEO,1998,100.0,0.5108256237659914
GEO,1999,100.0,0.0
GEO,2000,110.0,0.09531017980432477
GEO,2001,90.0,-0.20067069546215155
GEO,2002,70.0,-0.25131442828090567
GEO,2003,100.0,0.35667494393873245
GEO,2004,130.0,0.2623642644674904
GEO,2005,130.0,0.0
GEO,2006,130.0,0.0
GEO,2007,230.0,0.5705448584676134
GEO,2008,500.0,0.7765287894989958
GEO,2009,490.0,-0.020202707317519497
GEO,2010,480.0,-0.020619287202735315
GEO,2011,680.0,0.34830669426821537
GEO,2012,670.0,-0.014815085785140347
GEO,2013,670.0,0.0
GEO,2014,670.0,0.0
GEO,2015,670.0,0.0
GEO,2016,670.0,0.0
GEO,2017,700.0,0.04380262265839274
GEO,2018,2400.0,1.2321436812926327
GEO,2019,2460.0,0.024692612590371255
GEO,2020,2460.0,0.0
GHA,1961,2000.0,
GHA,1962,3000.0,0.4054651081081637
GHA,1963,3000.0,0.0
GHA,1964,3400.0,0.12516314295400655
GHA,1965,4000.0,0.16251892949777513
GHA,1966,4500.0,0.11778303565638382
GHA,1967,6300.0,0.33647223662121206
GHA,1968,8200.0,0.2635845208727208
GHA,1969,23100.0,1.0356984632575408
GHA,1970,31690.0,0.3161685561750822
GHA,1971,42420.0,0.2916187754337063
GHA,1972,36340.0,-0.15470088616851108
GHA,1973,46170.0,0.23941117355087194
GHA,1974,42000.0,-0.09466061823552963
GHA,1975,42680.0,0.016060808150184513
GHA,1976,56870.0,0.2870375348851564
GHA,1977,47850.0,-0.1726968434197449
GHA,1978,45550.0,-0.04926049419299616
GHA,1979,43640.0,-0.0428364627410982
GHA,1980,44560.0,0.020862434654159046
GHA,1981,44370.0,-0.0042730302282105725
GHA,1982,45940.0,0.03477263187013513
GHA,1983,48430.0,0.05278325915418414
GHA,1984,46760.0,-0.03509131981126856
GHA,1985,51260.0,0.09188258433205654
GHA,1986,60230.0,0.16125984611970523
GHA,1987,65820.0,0.08875317645956393
GHA,1988,62320.0,-0.054641341952700984
GHA,1989,61950.0,-0.0059547934873425135
GHA,1990,65050.004,0.04882865837452144
GHA,1991,64420.0,-0.009732122546619593
GHA,1992,61380.0,-0.048340094711463166
GHA,1993,55460.0,-0.10142200900395792
GHA,1994,58010.0,0.04495336929034188
GHA,1995,63600.0,0.09199806086810369
GHA,1996,81470.0,0.2476213839764725
GHA,1997,74700.0,-0.08675476218377831
GHA,1998,79930.0,0.06767115949915592
GHA,1999,80660.0,0.009091537807295325
GHA,2000,82840.0,0.026668247082161756
GHA,2001,84100.0,0.015095530451517902
GHA,2002,85700.0,0.01884625862483169
GHA,2003,82370.0,-0.03963153265057606
GHA,2004,81080.0,-0.015784971369358303
GHA,2005,81700.0,0.00761768028215748
GHA,2006,90100.0,0.09786616274833548
GHA,2007,95720.0,0.0605070984258802
GHA,2008,96410.0,0.007182667636115525
GHA,2009,100670.0,0.043237910065043295
GHA,2010,104090.0,0.033408068786044964
GHA,2011,113610.0,0.08751562105443611
GHA,2012,121860.0,0.07010131423853494
GHA,2013,125790.0,0.0317410050304332
GHA,2014,131470.0,0.044164838857732036
GHA,2015,147590.0,0.11565947048517167
GHA,2016,146780.0,-0.005503292076767252
GHA,2017,149300.0,0.017022837428227078
GHA,2018,128450.0,-0.15041798098925163
GHA,2019,145260.0,0.12298551662212986
GHA,2020,145260.0,0.0
GIN,1961,600.0,
GIN,1962,600.0,0.0
GIN,1963,600.0,0.0
GIN,1964,800.0,0.2876820724517808
GIN,1965,800.0,0.0
GIN,1966,800.0,0.0
GIN,1967,1000.0,0.2231435513142097
GIN,1968,1000.0,0.0
GIN,1969,1000.0,0.0
GIN,1970,1000.0,0.0
GIN,1971,1000.0,0.0
GIN,1972,1000.0,0.0
GIN,1973,1000.0,0.0
GIN,1974,1000.0,0.0
GIN,1975,1000.0,0.0
GIN,1976,1000.0,0.0
GIN,1977,1000.0,0.0
GIN,1978,1000.0,0.0
GIN,1979,1000.0,0.0
GIN,1980,1100.0,0.09531017980432477
GIN,1981,1300.0,0.1670540846631665
GIN,1982,1400.0,0.07410797215372167
GIN,1983,1600.0,0.13353139262452274
GIN,1984,1800.0,0.11778303565638382
GIN,1985,2000.0,0.10536051565782589
GIN,1986,2500.0,0.2231435513142097
GIN,1987,3000.0,0.182321556793954
GIN,1988,3000.0,0.0
GIN,1989,3000.0,0.0
GIN,1990,3000.0,0.0
GIN,1991,3500.0,0.15415067982725894
GIN,1992,4000.0,0.13353139262452274
GIN,1993,4610.0,0.14193349588866688
GIN,1994,3810.0,-0.1905986678699474
GIN,1995,3100.0,-0.20622707764750992
GIN,1996,2780.0,-0.1089511837885544
GIN,1997,3600.0,0.25848291775951804
GIN,1998,4000.0,0.10536051565782678
GIN,1999,4000.0,0.0
GIN,2000,4000.0,0.0
GIN,2001,4000.0,0.0
GIN,2002,5000.0,0.2231435513142106
GIN,2003,6000.0,0.18232155679395312
GIN,2004,7000.0,0.15415067982725894
GIN,2005,8000.0,0.13353139262452274
GIN,2006,9000.0,0.11778303565638382
GIN,2007,10010.0,0.10636001599090861
GIN,2008,12010.0,0.18215504276476402
GIN,2009,14020.0,0.15474524551455104
GIN,2010,16180.0,0.14329103002390298
GIN,2011,18200.0,0.11764568245240348
GIN,2012,20250.0,0.10673319946979909
GIN,2013,22250.0,0.09418721505969962
GIN,2014,24250.0,0.08607460877124318
GIN,2015,26250.0,0.07924937165414114
GIN,2016,28250.0,0.07342746855481685
GIN,2017,30250.0,0.06840272688440052
GIN,2018,30250.0,0.0
GIN,2019,30250.0,0.0
GIN,2020,30250.0,0.0
GMB,1961,1800.0,
GMB,1962,1800.0,0.0
GMB,1963,1800.0,0.0
GMB,1964,1800.0,0.0
GMB,1965,2200.0,0.20067069546215066
GMB,1966,2200.0,0.0
GMB,1967,2200.0,0.0
GMB,1968,2200.0,0.0
GMB,1969,2200.0,0.0
GMB,1970,2700.0,0.20479441264601306
GMB,1971,2700.0,0.0
GMB,1972,2700.0,0.0
GMB,1973,2700.0,0.0
GMB,1974,2700.0,0.0
GMB,1975,2700.0,0.0
GMB,1976,2700.0,0.0
GMB,1977,2700.0,0.0
GMB,1978,2700.0,0.0
GMB,1979,2700.0,0.0
GMB,1980,2720.0,0.007380107297622729
GMB,1981,2760.0,0.01459879942115272
GMB,1982,2730.0,-0.010929070532189833
GMB,1983,2720.0,-0.0036697288889628865
GMB,1984,2750.0,0.010969031370573923
GMB,1985,2710.0,-0.014652276786869756
GMB,1986,2710.0,0.0
GMB,1987,2710.0,0.0
GMB,1988,2700.0,-0.003696861881326896
GMB,1989,2720.0,0.007380107297622729
GMB,1990,2360.0,-0.14197026127038725
GMB,1991,1670.0,-0.34583799260885506
GMB,1992,1980.0,0.17027321827778064
GMB,1993,2060.0,0.03960913809504607
GMB,1994,2410.0,0.15692076470107352
GMB,1995,2390.0,-0.008333381559144648
GMB,1996,2600.0,0.08421807908401746
GMB,1997,2240.0,-0.14903557916048804
GMB,1998,2530.0,0.12174343687248079
GMB,1999,2590.0,0.023438572972017013
GMB,2000,2190.0,-0.1677563318830364
GMB,2001,2530.0,0.1443177589110194
GMB,2002,2570.0,0.015686596167698852
GMB,2003,3050.0,0.17123569171219177
GMB,2004,3590.0,0.16301061188086763
GMB,2005,3910.0,0.08538517149708724
GMB,2006,4500.0,0.14054002277899968
GMB,2007,4560.0,0.013245226750020933
GMB,2008,4170.0,-0.08940658771558496
GMB,2009,4470.0,0.06947237281476681
GMB,2010,4660.0,0.041627039512077246
GMB,2011,4810.0,0.03168163598011553
GMB,2012,5000.0,0.03874082831643122
GMB,2013,4690.0,-0.06400532997591313
GMB,2014,4100.0,-0.13444560874792622
GMB,2015,3430.0,-0.1784267125324135
GMB,2016,2760.0,-0.2173295814487899
GMB,2017,1320.0,-0.737598943130779
GMB,2018,1610.0,0.19860244239809255
GMB,2019,2620.0,0.48694013877663345
GMB,2020,2620.0,0.0
GNB,1961,0.0,
GNB,1962,0.0,
GNB,1963,0.0,
GNB,1964,0.0,
GNB,1965,0.0,
GNB,1966,0.0,
GNB,1967,0.0,
GNB,1968,0.0,
GNB,1969,0.0,
GNB,1970,0.0,
GNB,1971,0.0,
GNB,1972,0.0,
GNB,1973,0.0,
GNB,1974,0.0,
GNB,1975,10.0,inf
GNB,1976,10.0,0.0
GNB,1977,10.0,0.0
GNB,1978,10.0,0.0
GNB,1979,10.0,0.0
GNB,1980,10.0,0.0
GNB,1981,20.0,0.693147180559945
GNB,1982,40.0,0.6931471805599454
GNB,1983,50.0,0.2231435513142097
GNB,1984,50.0,0.0
GNB,1985,80.0,0.47000362924573524
GNB,1986,80.0,0.0
GNB,1987,100.0,0.2231435513142106
GNB,1988,150.0,0.4054651081081637
GNB,1989,200.0,0.2876820724517808
GNB,1990,200.0,0.0
GNB,1991,200.0,0.0
GNB,1992,200.0,0.0
GNB,1993,250.0,0.2231435513142097
GNB,1994,250.0,0.0
GNB,1995,250.0,0.0
GNB,1996,250.0,0.0
GNB,1997,200.0,-0.2231435513142097
GNB,1998,200.0,0.0
GNB,1999,150.0,-0.2876820724517808
GNB,2000,150.0,0.0
GNB,2001,150.0,0.0
GNB,2002,150.0,0.0
GNB,2003,150.0,0.0
GNB,2004,150.0,0.0
GNB,2005,150.0,0.0
GNB,2006,150.0,0.0
GNB,2007,150.0,0.0
GNB,2008,150.0,0.0
GNB,2009,150.0,0.0
GNB,2010,150.0,0.0
GNB,2011,150.0,0.0
GNB,2012,150.0,0.0
GNB,2013,150.0,0.0
GNB,2014,150.0,0.0
GNB,2015,150.0,0.0
GNB,2016,160.0,0.06453852113757108
GNB,2017,190.0,0.17185025692665956
GNB,2018,190.0,0.0
GNB,2019,190.0,0.0
GNB,2020,190.0,0.0
GRC,1961,10290.0,
GRC,1962,9390.0,-0.09152725662578653
GRC,1963,9450.0,0.0063694482854810275
GRC,1964,9530.0,0.008429976160458708
GRC,1965,8620.0,-0.10035963299050898
GRC,1966,8630.0,0.0011594204197340474
GRC,1967,8800.0,0.01950721638882591
GRC,1968,7860.0,-0.11296511504304618
GRC,1969,7950.0,0.01138532222512545
GRC,1970,8040.0,0.011257154524633606
GRC,1971,6980.0,-0.14138016641659412
GRC,1972,8080.0,0.14634295575872436
GRC,1973,9230.0,0.13306717598175588
GRC,1974,7800.0,-0.16833531481921504
GRC,1975,9790.0,0.22723772284687271
GRC,1976,10020.0,0.02322163911430053
GRC,1977,10960.0,0.08966918586315131
GRC,1978,11420.0,0.04111392270799463
GRC,1979,10850.0,-0.051201124241396556
GRC,1980,11250.0,0.0362030486639604
GRC,1981,11510.0,0.02284809408336308
GRC,1982,11250.0,-0.02284809408336308
GRC,1983,11380.0,0.011489300047756501
GRC,1984,10110.0,-0.11833239566580467
GRC,1985,8710.0,-0.14905324216796956
GRC,1986,10330.0,0.17058049226713656
GRC,1987,10410.0,0.007714599495329821
GRC,1988,6720.0,-0.43767872809181974
GRC,1989,6210.0,-0.07892725858967076
GRC,1990,6040.0,-0.02775688399866283
GRC,1991,4540.0,-0.28547699989346675
GRC,1992,5460.0,0.18452177770355682
GRC,1993,5870.0,0.07240584408319073
GRC,1994,7010.0,0.17748306720649332
GRC,1995,6780.0,-0.03336059909419298
GRC,1996,7130.0,0.05033413247389973
GRC,1997,7130.0,0.0
GRC,1998,7250.0,0.01669023444037876
GRC,1999,7950.0,0.09217045979965732
GRC,2000,7660.0,-0.03715994491374097
GRC,2001,8770.0,0.13532482263159196
GRC,2002,8340.0,-0.05027359001343612
GRC,2003,7130.0,-0.15675198194445095
GRC,2004,7040.0,-0.012703064256253782
GRC,2005,6470.0,-0.08443206165714123
GRC,2006,7820.0,0.1895084460444103
GRC,2007,7710.0,-0.014166366981982037
GRC,2008,8310.0,0.07494142129211845
GRC,2009,5790.0,-0.36132731728245204
GRC,2010,5410.0,-0.0678831987265145
GRC,2011,4270.0,-0.2366352656178563
GRC,2012,4360.0,0.02085823012040855
GRC,2013,4350.0,-0.002296212260349151
GRC,2014,3810.0,-0.132546655961983
GRC,2015,4080.0,0.06846779927746027
GRC,2016,2900.0,-0.3413862514236419
GRC,2017,3130.0,0.07632226755963334
GRC,2018,3270.0,0.04375698035710052
GRC,2019,3040.0,-0.07293246949103249
GRC,2020,3040.0,0.0
GRD,1961,0.0,
GRD,1962,0.0,
GRD,1963,0.0,
GRD,1964,0.0,
GRD,1965,0.0,
GRD,1966,0.0,
GRD,1967,0.0,
GRD,1968,0.0,
GRD,1969,0.0,
GRD,1970,0.0,
GRD,1971,0.0,
GRD,1972,0.0,
GRD,1973,0.0,
GRD,1974,0.0,
GRD,1975,0.0,
GRD,1976,0.0,
GRD,1977,0.0,
GRD,1978,0.0,
GRD,1979,0.0,
GRD,1980,0.0,
GRD,1981,0.0,
GRD,1982,0.0,
GRD,1983,0.0,
GRD,1984,0.0,
GRD,1985,0.0,
GRD,1986,0.0,
GRD,1987,0.0,
GRD,1988,0.0,
GRD,1989,0.0,
GRD,1990,0.0,
GRD,1991,0.0,
GRD,1992,0.0,
GRD,1993,0.0,
GRD,1994,0.0,
GRD,1995,0.0,
GRD,1996,0.0,
GRD,1997,0.0,
GRD,1998,0.0,
GRD,1999,0.0,
GRD,2000,0.0,
GRD,2001,0.0,
GRD,2002,0.0,
GRD,2003,0.0,
GRD,2004,0.0,
GRD,2005,0.0,
GRD,2006,0.0,
GRD,2007,0.0,
GRD,2008,0.0,
GRD,2009,0.0,
GRD,2010,0.0,
GRD,2011,0.0,
GRD,2012,0.0,
GRD,2013,0.0,
GRD,2014,0.0,
GRD,2015,0.0,
GRD,2016,0.0,
GRD,2017,0.0,
GRD,2018,0.0,
GRD,2019,0.0,
GRD,2020,0.0,
GTM,1961,200.0,
GTM,1962,300.0,0.4054651081081646
GTM,1963,300.0,0.0
GTM,1964,200.0,-0.4054651081081646
GTM,1965,200.0,0.0
GTM,1966,300.0,0.4054651081081646
GTM,1967,300.0,0.0
GTM,1968,200.0,-0.4054651081081646
GTM,1969,400.0,0.6931471805599454
GTM,1970,400.0,0.0
GTM,1971,500.0,0.2231435513142097
GTM,1972,400.0,-0.2231435513142097
GTM,1973,500.0,0.2231435513142097
GTM,1974,530.0,0.058268908123976004
GTM,1975,550.0,0.037041271680348764
GTM,1976,570.0,0.03571808260207998
GTM,1977,600.0,0.05129329438755015
GTM,1978,580.0,-0.03390155167568132
GTM,1979,620.0,0.06669137449867257
GTM,1980,400.0,-0.43825493093115586
GTM,1981,420.0,0.04879016416943216
GTM,1982,730.0,0.552789822865023
GTM,1983,50.0,-2.681021528714291
GTM,1984,90.0,0.5877866649021191
GTM,1985,120.0,0.2876820724517808
GTM,1986,190.0,0.45953232937844035
GTM,1987,630.0,1.1986957472250923
GTM,1988,600.0,-0.04879016416943216
GTM,1989,700.0,0.15415067982725805
GTM,1990,2770.0,1.37552226413798
GTM,1991,3010.0,0.08309275856153775
GTM,1992,4280.0,0.3520129308329203
GTM,1993,4740.0,0.10208412611327944
GTM,1994,4440.0,-0.06538275926285131
GTM,1995,4830.0,0.08419209122034843
GTM,1996,5990.0,0.21524494446287612
GTM,1997,7380.0,0.20868222648502233
GTM,1998,8180.0005,0.10291857312696706
GTM,1999,10350.0,0.23529430797202977
GTM,2000,9690.0,-0.06589209380870287
GTM,2001,9010.0,-0.07275935428242697
GTM,2002,8200.0,-0.09420091735004021
GTM,2003,7380.0,-0.10536051565782678
GTM,2004,5040.0,-0.3813675565291028
GTM,2005,5120.0,0.01574835696813892
GTM,2006,5230.0,0.02125683902541553
GTM,2007,5260.0,0.005719748672786906
GTM,2008,5360.0,0.018832948333091792
GTM,2009,5360.0,0.0
GTM,2010,3210.0,-0.512693037940787
GTM,2011,7860.0,0.8955156692991917
GTM,2012,7820.0,-0.005102051883895342
GTM,2013,8340.0,0.06437866181343566
GTM,2014,9860.0,0.16742295224388748
GTM,2015,10340.0,0.047533700465740125
GTM,2016,10900.0,0.052742920154814854
GTM,2017,12270.0,0.11839446948772192
GTM,2018,12270.0,0.0
GTM,2019,12270.0,0.0
GTM,2020,12270.0,0.0
GUY,1961,0.0,
GUY,1962,0.0,
GUY,1963,0.0,
GUY,1964,0.0,
GUY,1965,0.0,
GUY,1966,0.0,
GUY,1967,0.0,
GUY,1968,0.0,
GUY,1969,0.0,
GUY,1970,0.0,
GUY,1971,0.0,
GUY,1972,0.0,
GUY,1973,0.0,
GUY,1974,0.0,
GUY,1975,0.0,
GUY,1976,0.0,
GUY,1977,0.0,
GUY,1978,0.0,
GUY,1979,880.0,inf
GUY,1980,680.0,-0.2578291093020999
GUY,1981,680.0,0.0
GUY,1982,680.0,0.0
GUY,1983,810.0,0.17494144949633217
GUY,1984,810.0,0.0
GUY,1985,810.0,0.0
GUY,1986,810.0,0.0
GUY,1987,830.0,0.024391453124159135
GUY,1988,810.0,-0.024391453124159135
GUY,1989,820.0,0.012270092591814219
GUY,1990,830.0,0.012121360532344916
GUY,1991,850.0,0.023810648693719294
GUY,1992,880.0,0.034685557987889304
GUY,1993,900.0,0.022472855852059048
GUY,1994,960.0,0.06453852113757108
GUY,1995,860.0,-0.11000089521432876
GUY,1996,960.0,0.11000089521432876
GUY,1997,800.0,-0.1823215567939549
GUY,1998,810.0,0.012422519998557036
GUY,1999,1050.0,0.25951119548508483
GUY,2000,1240.0,0.166321215447514
GUY,2001,1250.0,0.008032171697263557
GUY,2002,1250.0,0.0
GUY,2003,1250.0,0.0
GUY,2004,1250.0,0.0
GUY,2005,1250.0,0.0
GUY,2006,1300.0,0.03922071315328157
GUY,2007,1300.0,0.0
GUY,2008,1020.0,-0.24256163717131152
GUY,2009,1140.0,0.11122563511022499
GUY,2010,1160.0,0.01739174271186883
GUY,2011,990.0,-0.1584703409717747
GUY,2012,1030.0,0.03960913809504607
GUY,2013,990.0,-0.03960913809504607
GUY,2014,940.0,-0.05182506786458596
GUY,2015,1000.0,0.061875403718087085
GUY,2016,970.0,-0.030459207484708095
GUY,2017,1170.0,0.18746295629437348
GUY,2018,1170.0,0.0
GUY,2019,1170.0,0.0
GUY,2020,1170.0,0.0
HKG,1961,400.0,
HKG,1962,500.0,0.2231435513142097
HKG,1963,500.0,0.0
HKG,1964,800.0,0.4700036292457357
HKG,1965,1000.0,0.2231435513142097
HKG,1966,1000.0,0.0
HKG,1967,1060.0,0.058268908123976004
HKG,1968,1630.0,0.4303111066946954
HKG,1969,1800.0,0.09920665008344809
HKG,1970,2100.0,0.15415067982725805
HKG,1971,2100.0,0.0
HKG,1972,2710.0,0.25501129016223256
HKG,1973,3130.0,0.1440843696604519
HKG,1974,3480.0,0.10599928923432067
HKG,1975,4590.0,0.2768477302860717
HKG,1976,5310.0,0.14571181118139265
HKG,1977,4280.0,-0.21563882566014136
HKG,1978,5890.0,0.31930298806978996
HKG,1979,6650.0,0.12136085700426769
HKG,1980,7130.0,0.06969437975844173
HKG,1981,6880.0,-0.035692582480953305
HKG,1982,7710.0,0.11389953562998656
HKG,1983,7200.0,-0.06843716155322888
HKG,1984,6280.0,-0.13671104554190272
HKG,1985,5470.0,-0.13809136404621647
HKG,1986,5280.0,-0.03535251871572065
HKG,1987,5980.0,0.12449447024437177
HKG,1988,6030.0,0.008326442776553478
HKG,1989,5340.0,-0.12152135776699069
HKG,1990,5690.0,0.0634845951661358
HKG,1991,5540.0,-0.026715747379046917
HKG,1992,5070.0,-0.08865368315610134
HKG,1993,5290.0,0.04247742826711587
HKG,1994,5070.0,-0.04247742826711587
HKG,1995,3170.0,-0.4696092297139014
HKG,1996,3540.0,0.11039513925649302
HKG,1997,3920.0,0.10196492665668799
HKG,1998,3840.0,-0.020619287202736203
HKG,1999,2930.0,-0.27046994357065923
HKG,2000,2190.0,-0.2911008792005658
HKG,2001,2010.0,-0.08576682175742523
HKG,2002,1580.0,-0.24070987503210883
HKG,2003,1970.0,0.2206086957110216
HKG,2004,1400.0,-0.3415613061286846
HKG,2005,1350.0,-0.036367644170874236
HKG,2006,1180.0,-0.13459015397276541
HKG,2007,1450.0,0.20604911795491
HKG,2008,1750.0,0.18805223150293937
HKG,2009,1460.0,-0.18117935221517723
HKG,2010,1380.0,-0.05635293655113216
HKG,2011,1540.0,0.10969891725642444
HKG,2012,1480.0,-0.039740328649513934
HKG,2013,1300.0,-0.1296778233085325
HKG,2014,1330.0,0.02281467776617152
HKG,2015,1350.0,0.014925650216675912
HKG,2016,1540.0,0.131677823975199
HKG,2017,1700.0,0.09884583463663255
HKG,2018,1610.0,-0.05439407206579805
HKG,2019,1290.0,-0.22159196062279118
HKG,2020,1290.0,0.0
HND,1961,0.0,
HND,1962,0.0,
HND,1963,0.0,
HND,1964,0.0,
HND,1965,0.0,
HND,1966,100.0,inf
HND,1967,100.0,0.0
HND,1968,100.0,0.0
HND,1969,100.0,0.0
HND,1970,100.0,0.0
HND,1971,100.0,0.0
HND,1972,0.0,-inf
HND,1973,100.0,inf
HND,1974,170.0,0.5306282510621703
HND,1975,170.0,0.0
HND,1976,170.0,0.0
HND,1977,80.0,-0.7537718023763809
HND,1978,80.0,0.0
HND,1979,80.0,0.0
HND,1980,50.0,-0.47000362924573524
HND,1981,50.0,0.0
HND,1982,60.0,0.18232155679395445
HND,1983,60.0,0.0
HND,1984,70.0,0.15415067982725894
HND,1985,170.0,0.8873031950009027
HND,1986,190.0,0.1112256351102241
HND,1987,270.0,0.35139788683788886
HND,1988,170.0,-0.46262352194811296
HND,1989,350.0,0.7221347174331969
HND,1990,180.0,-0.6649763035932486
HND,1991,180.0,0.0
HND,1992,290.0,0.4769240720903092
HND,1993,300.0,0.03390155167568132
HND,1994,230.0,-0.26570316573300534
HND,1995,340.0,0.3908663086870119
HND,1996,560.0,0.4989911661189872
HND,1997,600.0,0.06899287148695166
HND,1998,1140.0,0.6418538861723952
HND,1999,1700.0,0.3995999886557655
HND,2000,1960.0,0.14231622218025564
HND,2001,2610.0,0.286405748092176
HND,2002,4500.0,0.5447271754416727
HND,2003,7120.0,0.4588303286476094
HND,2004,9100.0,0.2453666880989207
HND,2005,28480.0,1.14092767302097
HND,2006,28500.0,0.0007020007308309317
HND,2007,28460.0,-0.0014044946128990432
HND,2008,20590.0,-0.3236940716220076
HND,2009,14330.0,-0.3624502791996189
HND,2010,16550.0,0.14403085998299225
HND,2011,20100.0,0.19433371324195825
HND,2012,20600.0,0.02457126073050553
HND,2013,22700.0,0.09707384869182079
HND,2014,29850.0,0.27381991535125394
HND,2015,30200.0,0.011657084542212814
HND,2016,30200.0,0.0
HND,2017,30100.0,-0.003316752625993402
HND,2018,30100.0,0.0
HND,2019,30100.0,0.0
HND,2020,30100.0,0.0
HRV,1992,6340.0,
HRV,1993,4450.0,-0.35397467227098645
HRV,1994,4760.0,0.06734357206518027
HRV,1995,3800.0,-0.22524660151098885
HRV,1996,2820.0,-0.2982641817823186
HRV,1997,3140.0,0.10748591497014104
HRV,1998,3210.0,0.02204813722176091
HRV,1999,3320.0,0.033693845786473275
HRV,2000,3410.0,0.02674750836702877
HRV,2001,4700.0,0.3208502174205865
HRV,2002,3480.0,-0.30053021492962984
HRV,2003,3260.0,-0.06530509840776588
HRV,2004,3430.0,0.05083306579923175
HRV,2005,4340.0,0.23531408693446565
HRV,2006,5130.0,0.16723131107036338
HRV,2007,4460.0,-0.13995689315070514
HRV,2008,4500.0,0.008928630744302168
HRV,2009,5490.0,0.19885085874516406
HRV,2010,5500.0,0.0018198367169866003
HRV,2011,6730.0,0.20182705141821167
HRV,2012,4640.0,-0.37186077741847257
HRV,2013,3660.0,-0.23725121882488942
HRV,2014,4230.0,0.14473884564491257
HRV,2015,5280.0,0.22172410465998205
HRV,2016,4450.0,-0.17102200154002034
HRV,2017,3650.0,-0.1981769285837487
HRV,2018,3650.0,0.0
HRV,2019,3650.0,0.0
HRV,2020,3650.0,0.0
HTI,1961,100.0,
HTI,1962,100.0,0.0
HTI,1963,100.0,0.0
HTI,1964,200.0,0.6931471805599445
HTI,1965,200.0,0.0
HTI,1966,200.0,0.0
HTI,1967,200.0,0.0
HTI,1968,200.0,0.0
HTI,1969,200.0,0.0
HTI,1970,300.0,0.4054651081081646
HTI,1971,300.0,0.0
HTI,1972,300.0,0.0
HTI,1973,300.0,0.0
HTI,1974,300.0,0.0
HTI,1975,300.0,0.0
HTI,1976,300.0,0.0
HTI,1977,300.0,0.0
HTI,1978,300.0,0.0
HTI,1979,300.0,0.0
HTI,1980,300.0,0.0
HTI,1981,300.0,0.0
HTI,1982,300.0,0.0
HTI,1983,300.0,0.0
HTI,1984,300.0,0.0
HTI,1985,300.0,0.0
HTI,1986,300.0,0.0
HTI,1987,300.0,0.0
HTI,1988,300.0,0.0
HTI,1989,300.0,0.0
HTI,1990,350.0,0.15415067982725805
HTI,1991,400.0,0.13353139262452274
HTI,1992,500.0,0.2231435513142097
HTI,1993,600.0,0.1823215567939549
HTI,1994,500.0,-0.1823215567939549
HTI,1995,500.0,0.0
HTI,1996,500.0,0.0
HTI,1997,500.0,0.0
HTI,1998,500.0,0.0
HTI,1999,460.0,-0.08338160893905044
HTI,2000,430.0,-0.06744128079553313
HTI,2001,390.0,-0.09763846956391564
HTI,2002,350.0,-0.10821358464023323
HTI,2003,310.0,-0.1213608570042668
HTI,2004,380.0,0.2035989552412394
HTI,2005,430.0,0.12361395596717628
HTI,2006,480.0,0.11000089521432876
HTI,2007,660.0,0.3184537311185345
HTI,2008,710.0,0.07302513501489027
HTI,2009,830.0,0.15616073075528192
HTI,2010,860.0,0.03550668845690996
HTI,2011,1200.0,0.3331444465285385
HTI,2012,1320.0,0.09531017980432477
HTI,2013,1400.0,0.058840500022933284
HTI,2014,1610.0,0.13976194237515926
HTI,2015,1820.0,0.12260232209233202
HTI,2016,1890.0,0.03774032798284743
HTI,2017,2000.0,0.05657035148839373
HTI,2018,2030.0,0.014888612493750841
HTI,2019,2160.0,0.062072428642377275
HTI,2020,2160.0,0.0
HUN,1961,19300.0,
HUN,1962,21000.0,0.08441734181258198
HUN,1963,22000.0,0.0465200156348935
HUN,1964,22700.0,0.03132247112904096
HUN,1965,24800.0,0.08847872868357953
HUN,1966,26400.0,0.0625203569813344
HUN,1967,28100.0,0.06240556618742943
HUN,1968,29900.0,0.062088904056940564
HUN,1969,27800.0,-0.07282245970004908
HUN,1970,26000.0,-0.06693948267511018
HUN,1971,25800.0,-0.007722046093910251
HUN,1972,28700.0,0.10652263083800406
HUN,1973,29100.0,0.013841051411871419
HUN,1974,30160.0,0.03577836896230835
HUN,1975,30790.0,0.02067341879665463
HUN,1976,31860.0,0.03416134254549341
HUN,1977,34660.0,0.08423497980555616
HUN,1978,32590.0,-0.061580791437988225
HUN,1979,32840.0,0.007641791734757319
HUN,1980,33730.0,0.02674036448933137
HUN,1981,39320.0,0.15334564620540547
HUN,1982,42150.0,0.0695013891688987
HUN,1983,44040.0,0.043863627406615535
HUN,1984,39180.0,-0.11693189933808412
HUN,1985,36930.0,-0.059142183651923474
HUN,1986,36060.0,-0.023840011089300006
HUN,1987,36760.0,0.019226079712314714
HUN,1988,38290.0,0.04077846800171692
HUN,1989,35520.0,-0.0750928473652337
HUN,1990,33830.0,-0.048747935331352465
HUN,1991,22880.0,-0.39108481628102076
HUN,1992,22910.0,0.00131032995380842
HUN,1993,17380.0,-0.2762533766281585
HUN,1994,18210.0,0.046650773902269904
HUN,1995,16670.0,-0.0883601969768133
HUN,1996,15690.0,-0.06058713001776184
HUN,1997,16740.0,0.06477749831638846
HUN,1998,17490.0,0.04382822396918051
HUN,1999,19460.0,0.10673178772734815
HUN,2000,19990.0,0.026871071754451137
HUN,2001,19690.0,-0.015121255861275884
HUN,2002,18320.0,-0.07211753340504856
HUN,2003,18410.0,0.004900635999002034
HUN,2004,19990.0,0.08233815326732241
HUN,2005,21270.0,0.06206548069983597
HUN,2006,22230.0,0.04414509876395911
HUN,2007,22890.0,0.029257405988371232
HUN,2008,23080.0,0.00826630767542369
HUN,2009,21190.0,-0.08543706935969198
HUN,2010,20460.0,-0.03505761175672717
HUN,2011,22630.0,0.10080469912196577
HUN,2012,21850.0,-0.03507553810384678
HUN,2013,21390.0,-0.02127739844728538
HUN,2014,22790.0,0.0633983201632784
HUN,2015,23260.0,0.02041330383292639
HUN,2016,21300.0,-0.08802807437513849
HUN,2017,23860.0,0.1134963439543899
HUN,2018,23860.0,0.0
HUN,2019,23860.0,0.0
HUN,2020,23860.0,0.0
IDN,1961,374700.0,
IDN,1962,391100.0,0.042837575961826246
IDN,1963,367500.0,-0.062239963108575935
IDN,1964,399300.0,0.08298969541628409
IDN,1965,392600.0,-0.016921732226816033
IDN,1966,469400.0,0.17866400157456397
IDN,1967,488700.0,0.04029352085918525
IDN,1968,426800.0,-0.13543328484851003
IDN,1969,420500.0,-0.014871040014595494
IDN,1970,410700.0,-0.02358145845049009
IDN,1971,413700.0,0.00727805250485325
IDN,1972,422900.0,0.02199467101107544
IDN,1973,376330.0,-0.1166693264320422
IDN,1974,385620.0,0.024386010564850125
IDN,1975,367280.0,-0.048727928670283305
IDN,1976,370750.0,0.009403481077074005
IDN,1977,374740.0,0.010704471152326533
IDN,1978,380190.0,0.014438675591716077
IDN,1979,381570.0,0.0036231923694192147
IDN,1980,409300.0,0.07015406336685537
IDN,1981,452400.0,0.10011836074360758
IDN,1982,449910.0,-0.005519181480266866
IDN,1983,483750.0,0.07252068158229363
IDN,1984,505340.0,0.043663225715329546
IDN,1985,529460.0,0.04662614916356489
IDN,1986,564900.0,0.06479110510833053
IDN,1987,591280.0,0.045640954145413914
IDN,1988,610730.0,0.032365284502031244
IDN,1989,643930.0,0.05293506156571759
IDN,1990,684940.0,0.06174121864063231
IDN,1991,668770.0,-0.02389103887993116
IDN,1992,708360.0,0.057512234735517254
IDN,1993,782260.0,0.09923472706362801
IDN,1994,807780.0,0.03210257811497286
IDN,1995,839540.0,0.03856437857246675
IDN,1996,934200.0,0.10683642527634163
IDN,1997,819880.0,-0.1305325599820808
IDN,1998,837680.0,0.021478177893278882
IDN,1999,960030.0,0.1363283679944054
IDN,2000,997680.0,0.038468049638881396
IDN,2001,1051510.0,0.05254992170853079
IDN,2002,1076260.0,0.02326484189923761
IDN,2003,1132580.0,0.051006147818629444
IDN,2004,1157740.0,0.02197161284135163
IDN,2005,1240670.0,0.06918172737780104
IDN,2006,1279170.0,0.030559873829096418
IDN,2007,1417290.0,0.10253516739159885
IDN,2008,1594300.0,0.1176881709345814
IDN,2009,1729850.0,0.0815999311170792
IDN,2010,2283640.0,0.27773596160878533
IDN,2011,2724400.0,0.1764775592279797
IDN,2012,3132000.0,0.13942355774353032
IDN,2013,3796590.0,0.19243151730665176
IDN,2014,4145580.0,0.08793941098673486
IDN,2015,4263350.0,0.02801252979720026
IDN,2016,4642070.0,0.08510515122642559
IDN,2017,5535650.0,0.17604860632781616
IDN,2018,4976380.0,-0.10650627469279961
IDN,2019,5468890.0,0.09437295171552762
IDN,2020,5468890.0,0.0
IND,1961,285000.0,
IND,1962,340200.0,0.17704449969311042
IND,1963,398500.0,0.15817381826850863
IND,1964,469800.0,0.1645995739945434
IND,1965,517599.97,0.09689561300206151
IND,1966,487400.0,-0.0601175440357693
IND,1967,544700.0,0.11115004319852417
IND,1968,630300.0,0.14596071212943507
IND,1969,701700.0,0.10731006573917945
IND,1970,681000.0,-0.029943656108731176
IND,1971,702400.0,0.030940736171393368
IND,1972,679500.0,-0.03314580872970829
IND,1973,756500.0,0.10734529963721329
IND,1974,790490.0,0.04395047311972178
IND,1975,788610.0,-0.0023811042850301334
IND,1976,806440.0,0.022357597198407575
IND,1977,871420.0,0.07749456573063007
IND,1978,857120.0,-0.01654613285949047
IND,1979,879740.0,0.026048477138854054
IND,1980,912310.0,0.03635343532643809
IND,1981,1019110.0,0.11070513176828989
IND,1982,958640.0,-0.06116936299197029
IND,1983,1011710.0,0.05388163414180269
IND,1984,1108850.0,0.09168147369797452
IND,1985,1112160.0,0.0029806281381361543
IND,1986,1230140.0,0.1008239136753648
IND,1987,1255630.0,0.02050945461436804
IND,1988,1344280.0,0.06822111507614537
IND,1989,1408630.0,0.04675904710890322
IND,1990,1601600.0,0.12838552873400033
IND,1991,1691880.0,0.05483720710431328
IND,1992,1761960.0,0.040586489097576006
IND,1993,1974970.0,0.11412638258359031
IND,1994,2007550.0,0.01636186476456558
IND,1995,2209320.0,0.0957697027461144
IND,1996,2331150.0,0.053676932172614045
IND,1997,2438360.0,0.04496397412857078
IND,1998,2541870.0,0.04157434844937136
IND,1999,2767830.0,0.08516358905886534
IND,2000,2742140.0,-0.009324982225500378
IND,2001,2971170.0,0.08021717717589638
IND,2002,2767550.0,-0.07099336235001097
IND,2003,2851210.0,0.02978101329859051
IND,2004,3137560.0,0.09570196219764959
IND,2005,3574490.0,0.13037708084576138
IND,2006,3777460.0,0.05522931746800808
IND,2007,3701460.0,-0.02032448968199496
IND,2008,4443580.0,0.18273302144733883
IND,2009,4411230.0,-0.007306795725359194
IND,2010,5074320.0,0.14003896366780566
IND,2011,4366720.0,-0.1501803705977185
IND,2012,5241440.0,0.18258411453526868
IND,2013,5336650.0,0.018001845547406248
IND,2014,5605310.0,0.04911624746809018
IND,2015,5955570.0,0.06061255335509763
IND,2016,6557570.0,0.09629319139103387
IND,2017,7005320.0,0.06604975289979187
IND,2018,8010620.0,0.1340983009291783
IND,2019,8616110.0,0.07286554538707435
IND,2020,8616110.0,0.0
IRL,1961,700.0,
IRL,1962,1400.0,0.6931471805599454
IRL,1963,1400.0,0.0
IRL,1964,1500.0,0.06899287148695166
IRL,1965,1600.0,0.06453852113757108
IRL,1966,1300.0,-0.2076393647782444
IRL,1967,1700.0,0.268263986594679
IRL,1968,1600.0,-0.060624621816434576
IRL,1969,1900.0,0.17185025692665956
IRL,1970,2100.0,0.10008345855698231
IRL,1971,1710.0,-0.2054439742148091
IRL,1972,2010.0,0.16164135155641635
IRL,1973,2010.0,0.0
IRL,1974,2220.0,0.09937247381320358
IRL,1975,2450.0,0.09858082867244722
IRL,1976,1850.0,-0.2809023854664021
IRL,1977,1650.0,-0.11441035117774412
IRL,1978,1580.0,-0.043350440873613394
IRL,1979,1600.0,0.012578782206859707
IRL,1980,1590.0,-0.006269613013595077
IRL,1981,1430.0,-0.10605957196032456
IRL,1982,1750.0,0.2019413436636066
IRL,1983,2500.0,0.35667494393873245
IRL,1984,2220.0,-0.11878353598996672
IRL,1985,2950.0,0.28429797446754
IRL,1986,3710.0,0.22922670626761565
IRL,1987,4690.0,0.2344007058388442
IRL,1988,10010.0,0.7581520108689404
IRL,1989,13930.0,0.3304601944645853
IRL,1990,10860.0,-0.24895847328592424
IRL,1991,14050.0,0.2575360812739653
IRL,1992,14710.0,0.04590513883359115
IRL,1993,17420.0,0.16909143681101035
IRL,1994,17490.0,0.00401031760615389
IRL,1995,17760.0,0.01531944853351419
IRL,1996,20370.0,0.13711449267469078
IRL,1997,20920.0,0.026642408958007735
IRL,1998,21730.0,0.03798815507161457
IRL,1999,21650.0,-0.0036883398198384043
IRL,2000,21010.0,-0.03000693959159051
IRL,2001,25960.0,0.2115583769789815
IRL,2002,25720.0,-0.009287992466472161
IRL,2003,18410.0,-0.3343749041244308
IRL,2004,15850.0,-0.14972449492169737
IRL,2005,15900.0,0.0031496089028966168
IRL,2006,13170.0,-0.18837759347099592
IRL,2007,11410.0,-0.14345135188120572
IRL,2008,11200.0,-0.018576385572936616
IRL,2009,13730.0,0.20366944147883181
IRL,2010,16970.0,0.21186385946625563
IRL,2011,13560.0,-0.22432279673388678
IRL,2012,13380.0,-0.01336322781216559
IRL,2013,10220.0,-0.26941446992452533
IRL,2014,10330.0,0.010705698355989668
IRL,2015,14040.0,0.30685811546611674
IRL,2016,17090.0,0.19658309852983535
IRL,2017,19050.0,0.10857360444521014
IRL,2018,19050.0,0.0
IRL,2019,19050.0,0.0
IRL,2020,19050.0,0.0
IRN,1961,3700.0,
IRN,1962,3000.0,-0.20972053098206977
IRN,1963,3700.0,0.20972053098206977
IRN,1964,3800.0,0.026668247082161756
IRN,1965,3700.0,-0.026668247082161756
IRN,1966,4200.0,0.12675170563914406
IRN,1967,5200.0,0.21357410029805912
IRN,1968,3100.0,-0.5172565140962817
IRN,1969,5500.0,0.5733459807473249
IRN,1970,5600.0,0.01801850550267936
IRN,1971,3860.0,-0.37209941426436544
IRN,1972,2660.0,-0.372341060683131
IRN,1973,2210.0,-0.18533360726394665
IRN,1974,4180.0,0.637318731007003
IRN,1975,4750.0,0.12783337150988494
IRN,1976,6650.0,0.33647223662121384
IRN,1977,8029.9995,0.18856761102440522
IRN,1978,9510.0,0.16915941086513087
IRN,1979,10650.0,0.11321601559813566
IRN,1980,12660.0,0.1728875245605952
IRN,1981,15380.0,0.1946205473614686
IRN,1982,17220.0,0.11300353492208615
IRN,1983,18890.0,0.09256118251383327
IRN,1984,22470.0,0.17354840468381916
IRN,1985,21980.0,-0.022048137221762687
IRN,1986,29320.0,0.2881369280429755
IRN,1987,40900.0,0.332860186030306
IRN,1988,43880.0,0.07032857235827272
IRN,1989,47630.0,0.08200417940573956
IRN,1990,68380.0,0.36161756939838696
IRN,1991,78220.0,0.13444498511621283
IRN,1992,81310.0,0.038743640892377584
IRN,1993,91750.0,0.12079847671493482
IRN,1994,112190.0,0.20112637562219327
IRN,1995,112290.0,0.0008909480275729464
IRN,1996,136550.0,0.19560603733526705
IRN,1997,141700.0,0.03702129877692073
IRN,1998,174290.0,0.2070084318369556
IRN,1999,176930.0,0.015033595591321003
IRN,2000,158570.0,-0.10955803792343488
IRN,2001,141330.0,-0.11509855482141695
IRN,2002,125510.0,-0.11871214470770397
IRN,2003,138420.0,0.09790710474136155
IRN,2004,149590.0,0.0776056769726523
IRN,2005,175030.0,0.15705916941637454
IRN,2006,193220.0,0.09887204828661922
IRN,2007,231210.0,0.17949695236864827
IRN,2008,217590.0,-0.06071383041458134
IRN,2009,247380.0,0.1283130579034335
IRN,2010,292270.0,0.16675241662322904
IRN,2011,316240.0,0.0788233864183372
IRN,2012,370950.0,0.15956586364710468
IRN,2013,399080.0,0.07309461540977225
IRN,2014,389720.0,-0.02373336548816596
IRN,2015,414640.0,0.0619821413243109
IRN,2016,460730.0,0.10540151423855804
IRN,2017,463180.0,0.005303559313665218
IRN,2018,473150.0,0.021296715520566778
IRN,2019,524940.0,0.10387150739198603
IRN,2020,524940.0,0.0
IRQ,1961,8000.0,
IRQ,1962,7900.0,-0.012578782206860595
IRQ,1963,9800.0,0.2155196262035517
IRQ,1964,17800.0,0.5968160716215127
IRQ,1965,16299.999,-0.0880334108350187
IRQ,1966,12800.0,-0.24171987553745033
IRQ,1967,8700.0,-0.3861221452650323
IRQ,1968,17600.0,0.7045758763835668
IRQ,1969,21000.0,0.1766235356793171
IRQ,1970,30600.0,0.3764775712349131
IRQ,1971,24900.0,-0.2061322054876733
IRQ,1972,31300.0,0.22875029407544467
IRQ,1973,21400.0,-0.38022717551830176
IRQ,1974,14150.0,-0.413676297938558
IRQ,1975,14630.0,0.03335959094278529
IRQ,1976,19000.0,0.2613647641344077
IRQ,1977,17500.0,-0.08223809823697081
IRQ,1978,17500.0,0.0
IRQ,1979,17500.0,0.0
IRQ,1980,17500.0,0.0
IRQ,1981,17500.0,0.0
IRQ,1982,17000.0,-0.028987536873252395
IRQ,1983,16500.0,-0.029852963149682665
IRQ,1984,16000.0,-0.0307716586667528
IRQ,1985,15940.0,-0.0037570488777127764
IRQ,1986,15560.0,-0.02412815461182305
IRQ,1987,16250.0,0.04338939002550113
IRQ,1988,21460.0,0.2780978284268052
IRQ,1989,20940.0,-0.024529531760160594
IRQ,1990,20480.0,-0.022212405271083924
IRQ,1991,15110.0,-0.3040920238866587
IRQ,1992,22280.0,0.38833263877443436
IRQ,1993,21810.0,-0.021320834845544923
IRQ,1994,25030.0,0.13770652523014526
IRQ,1995,25550.0,0.020562211206030412
IRQ,1996,21550.0,-0.1702615000999561
IRQ,1997,23920.0,0.10433911253267247
IRQ,1998,16610.0,-0.3647100054572263
IRQ,1999,11510.0,-0.36678870089141213
IRQ,2000,10120.0,-0.12870255887447257
IRQ,2001,16100.0,0.4643056081310988
IRQ,2002,13900.0,-0.14693043185377164
IRQ,2003,15200.0,0.08940658771558496
IRQ,2004,23730.0,0.44544464259544014
IRQ,2005,36850.0,0.4401155481876735
IRQ,2006,61030.0,0.5045099279210579
IRQ,2007,61180.0,0.002454792166354025
IRQ,2008,45140.0,-0.30405156733336725
IRQ,2009,40670.0,-0.10427805147025637
IRQ,2010,32680.0,-0.2187274499273304
IRQ,2011,41540.0,0.2398935484561644
IRQ,2012,67140.0,0.4801231731039213
IRQ,2013,66820.0,-0.00477755462327778
IRQ,2014,76390.0,0.1338493606246569
IRQ,2015,45260.0,-0.5234281573478761
IRQ,2016,54130.0,0.17896492060349445
IRQ,2017,61200.0,0.12275862870939491
IRQ,2018,51560.0,-0.17140101144729414
IRQ,2019,49950.0,-0.03172367297642431
IRQ,2020,49950.0,0.0
ISL,1961,400.0,
ISL,1962,300.0,-0.2876820724517808
ISL,1963,500.0,0.5108256237659905
ISL,1964,400.0,-0.2231435513142097
ISL,1965,0.0,-inf
ISL,1966,0.0,
ISL,1967,400.0,inf
ISL,1968,400.0,0.0
ISL,1969,400.0,0.0
ISL,1970,500.0,0.2231435513142097
ISL,1971,500.0,0.0
ISL,1972,500.0,0.0
ISL,1973,500.0,0.0
ISL,1974,480.0,-0.04082199452025481
ISL,1975,520.0,0.08004270767353638
ISL,1976,480.0,-0.08004270767353638
ISL,1977,500.0,0.04082199452025481
ISL,1978,560.0,0.11332868530700324
ISL,1979,510.0,-0.09352605801082348
ISL,1980,540.0,0.05715841383994924
ISL,1981,470.0,-0.1388364448542161
ISL,1982,480.0,0.021053409197832273
ISL,1983,560.0,0.15415067982725805
ISL,1984,570.0,0.01769957709940151
ISL,1985,630.0,0.10008345855698231
ISL,1986,880.0,0.3342020880866734
ISL,1987,1180.0,0.29334780998745824
ISL,1988,2030.0,0.5425213545761229
ISL,1989,2340.0,0.14211513631591366
ISL,1990,3710.0,0.46088094724973416
ISL,1991,3970.0,0.06773421807975488
ISL,1992,3870.0,-0.025511587657408796
ISL,1993,4320.0,0.11000089521432876
ISL,1994,4170.0,-0.03533936644530833
ISL,1995,4480.0,0.07170701061618345
ISL,1996,4530.0,0.011098893068048454
ISL,1997,4110.0,-0.09729891098679921
ISL,1998,4300.0,0.04519199419137365
ISL,1999,4250.0,-0.011696039763190669
ISL,2000,3730.0,-0.13051074928060125
ISL,2001,4230.0,0.1257937594024625
ISL,2002,3410.0,-0.2154897017627615
ISL,2003,5780.0,0.5276913913888599
ISL,2004,8330.0,0.36545977349446623
ISL,2005,7710.0,-0.07734526860351387
ISL,2006,6660.0,-0.14639870302294078
ISL,2007,3440.0,-0.6606480131669894
ISL,2008,3730.0,0.0809367622704169
ISL,2009,3430.0,-0.08384797247787645
ISL,2010,3840.0,0.11291210542178653
ISL,2011,4520.0,0.16303962724450471
ISL,2012,6560.0,0.3724786091118588
ISL,2013,6540.0,-0.0030534374868906866
ISL,2014,8189.9995,0.22497667134580723
ISL,2015,8130.0,-0.007352913255195048
ISL,2016,14820.0,0.6004166963082209
ISL,2017,20480.0,0.3234711803033665
ISL,2018,20480.0,0.0
ISL,2019,20480.0,0.0
ISL,2020,20480.0,0.0
ISR,1961,11400.0,
ISR,1962,11320.0,-0.0070422826254130655
ISR,1963,12190.0,0.07404487071814359
ISR,1964,12730.0,0.04334546907613479
ISR,1965,12450.0,-0.022240789658598104
ISR,1966,12020.0,-0.03514869380365582
ISR,1967,11440.0,-0.0494559431554098
ISR,1968,12830.0,0.11467019267589329
ISR,1969,12670.0,-0.01254918429449603
ISR,1970,14950.0,0.16547430550364695
ISR,1971,16030.001,0.06975072916779546
ISR,1972,16190.001,0.00993180045157338
ISR,1973,16710.0,0.03161351315123895
ISR,1974,14960.0,-0.11062737006097123
ISR,1975,15760.0,0.05209511188340166
ISR,1976,16560.0,0.049515064527380304
ISR,1977,17650.0,0.06374563442219205
ISR,1978,16970.0,-0.03928870413317043
ISR,1979,15990.0,-0.059483552400273254
ISR,1980,14290.0,-0.11240353490408594
ISR,1981,14040.0,-0.01764959334411209
ISR,1982,14160.0,0.008510689667909688
ISR,1983,12340.0,-0.13757506978833156
ISR,1984,12440.0,0.008071068833791273
ISR,1985,13490.0,0.081031582908631
ISR,1986,13330.0,-0.011931536029047507
ISR,1987,15170.0,0.12930265916982364
ISR,1988,15650.0,0.0311511236257207
ISR,1989,15440.0,-0.013509372389531649
ISR,1990,15610.0,0.010950189930710508
ISR,1991,16100.0,0.030907537463077617
ISR,1992,13760.0,-0.157053439485221
ISR,1993,14250.0,0.034991074209463235
ISR,1994,15080.0,0.056612455865149514
ISR,1995,15260.0,0.011865663276500626
ISR,1996,17290.0,0.12489327383888948
ISR,1997,16580.0,-0.041931149988050365
ISR,1998,17200.0,0.0367122341122581
ISR,1999,16710.0,-0.02890204121210438
ISR,2000,17280.0,0.03354242076860636
ISR,2001,17440.0,0.009216655104923532
ISR,2002,18660.0,0.06761577693836429
ISR,2003,16650.0,-0.11397197899274403
ISR,2004,17600.0,0.05548868561765197
ISR,2005,17580.0,-0.0011370097870742057
ISR,2006,18100.0,0.02915004601474891
ISR,2007,17230.0,-0.04925988773194234
ISR,2008,15100.0,-0.13195730671895944
ISR,2009,15650.0,0.035776173165283254
ISR,2010,16129.999,0.030209913154674695
ISR,2011,16710.0,0.03532651246646701
ISR,2012,16020.0,-0.0421694009670901
ISR,2013,17030.0,0.0611385530343842
ISR,2014,15280.0,-0.10843171093622317
ISR,2015,15630.0,0.022647360695010832
ISR,2016,15070.0,-0.03648613179498028
ISR,2017,13130.0,-0.13780632432369977
ISR,2018,13130.0,0.0
ISR,2019,13130.0,0.0
ISR,2020,13130.0,0.0
ITA,1961,13300.0,
ITA,1962,13800.0,0.03690455693545047
ITA,1963,14700.0,0.06317890162153184
ITA,1964,20710.0,0.3427691816228027
ITA,1965,18520.0,-0.1117654461894606
ITA,1966,19720.0,0.06278211995645577
ITA,1967,20320.0,0.029972273535792127
ITA,1968,21010.0,0.03339289214662777
ITA,1969,21700.0,0.03231374568950507
ITA,1970,26440.0,0.19756575443707192
ITA,1971,25970.0,-0.017935989308828226
ITA,1972,28020.0,0.07597651523420446
ITA,1973,28240.0,0.007820871716178956
ITA,1974,29880.0,0.05644994763957634
ITA,1975,28960.0,-0.03127379274710229
ITA,1976,29210.0,0.008595548882134096
ITA,1977,29740.0,0.017981824632359533
ITA,1978,30020.0,0.009370885173307641
ITA,1979,33940.0,0.12273043360076485
ITA,1980,35500.0,0.04493843667528985
ITA,1981,35510.0,0.0002816504736262715
ITA,1982,35340.0,-0.004798880063447086
ITA,1983,34730.0,-0.017411600135567085
ITA,1984,37560.0,0.07833578758407889
ITA,1985,39230.0,0.0435021058813998
ITA,1986,39660.0,0.010901362870187725
ITA,1987,43230.0,0.08619157558789148
ITA,1988,46680.0,0.07678110873881394
ITA,1989,56630.0,0.19322307270735983
ITA,1990,56550.0,-0.001413677563585125
ITA,1991,57660.0,0.019438489648127444
ITA,1992,58080.0,0.007257678306283211
ITA,1993,60420.0,0.03949880544198514
ITA,1994,64150.0,0.05990391510312065
ITA,1995,66550.0,0.03672945377947556
ITA,1996,60800.0,-0.09036375586899936
ITA,1997,64470.0,0.058610210350407144
ITA,1998,58030.0,-0.1052398811200117
ITA,1999,54900.0,-0.055446769687032216
ITA,2000,53790.0,-0.02042577223033426
ITA,2001,54310.0,0.009620795761602352
ITA,2002,42200.0,-0.2522881510047874
ITA,2003,47600.0,0.12041254019540837
ITA,2004,39150.0,-0.195432338800563
ITA,2005,37610.0,-0.040130449954565606
ITA,2006,37210.0,-0.010692430123715013
ITA,2007,44120.0,0.1703356520267718
ITA,2008,43010.0,-0.02548054758965712
ITA,2009,44510.0,0.03428123623211832
ITA,2010,42770.0,-0.03987696078894665
ITA,2011,42600.0,-0.00398266896349142
ITA,2012,42890.0,0.006784445253464
ITA,2013,42900.0,0.00023312740518122155
ITA,2014,38730.0,-0.10225733240731039
ITA,2015,38740.0,0.0002581644521892912
ITA,2016,45020.0,0.1502341774997369
ITA,2017,45030.0,0.000222098834893103
ITA,2018,40690.0,-0.10134657229988164
ITA,2019,40830.0,0.0034347433178858466
ITA,2020,40830.0,0.0
JAM,1961,0.0,
JAM,1962,0.0,
JAM,1963,0.0,
JAM,1964,0.0,
JAM,1965,0.0,
JAM,1966,0.0,
JAM,1967,0.0,
JAM,1968,0.0,
JAM,1969,0.0,
JAM,1970,0.0,
JAM,1971,0.0,
JAM,1972,0.0,
JAM,1973,0.0,
JAM,1974,0.0,
JAM,1975,0.0,
JAM,1976,0.0,
JAM,1977,0.0,
JAM,1978,200.0,inf
JAM,1979,250.0,0.2231435513142097
JAM,1980,250.0,0.0
JAM,1981,310.0,0.21511137961694615
JAM,1982,450.0,0.37267528528517335
JAM,1983,530.0,0.1636294237818019
JAM,1984,750.0,0.3471961999841886
JAM,1985,1290.0,0.5423242908253618
JAM,1986,1890.0,0.38193461069797063
JAM,1987,2630.0,0.33040701711812215
JAM,1988,3190.0,0.19303707060707964
JAM,1989,3490.0,0.08988081941758175
JAM,1990,3820.0,0.09034868640414828
JAM,1991,3560.0,-0.07048987775454485
JAM,1992,3660.0,0.02770260254933632
JAM,1993,3750.0,0.02429269256904476
JAM,1994,3860.0,0.028911343494419484
JAM,1995,3960.0,0.025576841789650473
JAM,1996,3910.0,-0.012706651269114744
JAM,1997,3860.0,-0.01287019052053573
JAM,1998,3820.0,-0.010416760858255714
JAM,1999,4500.0,0.16382697415779113
JAM,2000,4900.0,0.08515780834030728
JAM,2001,4900.0,0.0
JAM,2002,6400.0,0.2670627852490437
JAM,2003,2910.0,-0.7881449091822246
JAM,2004,4600.0,0.45790322231164904
JAM,2005,5200.0,0.12260232209233202
JAM,2006,7940.0,0.42325464967166226
JAM,2007,6000.0,-0.2801538060309898
JAM,2008,6200.0,0.032789822822991255
JAM,2009,5430.0,-0.1326101581052015
JAM,2010,4300.0,-0.23332411124632735
JAM,2011,1640.0,-0.96391878086341
JAM,2012,1170.0,-0.33769249302644155
JAM,2013,1620.0,0.32542240043462733
JAM,2014,1570.0,-0.03135052988407594
JAM,2015,1300.0,-0.1887113548927255
JAM,2016,1650.0,0.2384110234449981
JAM,2017,2430.0,0.38711596943996796
JAM,2018,2430.0,0.0
JAM,2019,2430.0,0.0
JAM,2020,2430.0,0.0
JOR,1961,0.0,
JOR,1962,0.0,
JOR,1963,0.0,
JOR,1964,0.0,
JOR,1965,0.0,
JOR,1966,0.0,
JOR,1967,0.0,
JOR,1968,0.0,
JOR,1969,0.0,
JOR,1970,0.0,
JOR,1971,0.0,
JOR,1972,0.0,
JOR,1973,0.0,
JOR,1974,0.0,
JOR,1975,0.0,
JOR,1976,0.0,
JOR,1977,0.0,
JOR,1978,0.0,
JOR,1979,0.0,
JOR,1980,0.0,
JOR,1981,0.0,
JOR,1982,20.0,inf
JOR,1983,20.0,0.0
JOR,1984,130.0,1.8718021769015913
JOR,1985,200.0,0.4307829160924541
JOR,1986,270.0,0.3001045924503387
JOR,1987,320.0,0.16989903679539697
JOR,1988,370.0,0.1451820098444978
JOR,1989,410.0,0.10265415406008405
JOR,1990,410.0,0.0
JOR,1991,370.0,-0.10265415406008405
JOR,1992,370.0,0.0
JOR,1993,410.0,0.10265415406008405
JOR,1994,440.0,0.07061756721395263
JOR,1995,520.0,0.1670540846631665
JOR,1996,530.0,0.019048194970694432
JOR,1997,550.0,0.037041271680348764
JOR,1998,640.0,0.1515498981272012
JOR,1999,870.0,0.3070250352949122
JOR,2000,970.0,0.10880285984879912
JOR,2001,890.0,-0.08607460877124318
JOR,2002,870.0,-0.02272825107755594
JOR,2003,1000.0,0.1392620673335072
JOR,2004,840.0,-0.17435338714477755
JOR,2005,910.0,0.08004270767353638
JOR,2006,910.0,0.0
JOR,2007,860.0,-0.05651221026334241
JOR,2008,890.0,0.034289073478632304
JOR,2009,790.0,-0.11918851726511814
JOR,2010,890.0,0.11918851726511814
JOR,2011,930.0,0.043963123421115746
JOR,2012,1030.0,0.10212949507638047
JOR,2013,1230.0,0.1774553671427812
JOR,2014,1480.0,0.18502791839169763
JOR,2015,1480.0,0.0
JOR,2016,1480.0,0.0
JOR,2017,1480.0,0.0
JOR,2018,1480.0,0.0
JOR,2019,1480.0,0.0
JOR,2020,1480.0,0.0
JPN,1961,234850.0,
JPN,1962,200800.0,-0.15663762465542952
JPN,1963,235690.0,0.16020799441072242
JPN,1964,171410.0,-0.31845903470933123
JPN,1965,201020.0,0.15934605807762736
JPN,1966,191520.0,-0.048412163786929696
JPN,1967,243000.0,0.23806920153088562
JPN,1968,221820.0,-0.09119520116395385
JPN,1969,251050.0,0.12378588030411919
JPN,1970,223640.0,-0.11561450632227022
JPN,1971,248660.0,0.10604888536634682
JPN,1972,232730.0,-0.06620751816821802
JPN,1973,262440.0,0.12014350112010419
JPN,1974,262079.98,-0.0013727601245516752
JPN,1975,303370.0,0.1463034583062477
JPN,1976,276680.0,-0.09209157892598974
JPN,1977,272650.0,-0.01467268236031316
JPN,1978,272350.0,-0.0011009175423861706
JPN,1979,306160.0,0.11701983728776355
JPN,1980,295490.0,-0.035472845791458596
JPN,1981,320050.0,0.07984223826202275
JPN,1982,311020.0,-0.02862001479481968
JPN,1983,329350.0,0.05726379629351008
JPN,1984,327340.0,-0.006121629008964291
JPN,1985,377090.0,0.14148449967001753
JPN,1986,338050.0,-0.10929007221106879
JPN,1987,362150.0,0.06886467710464927
JPN,1988,347550.0,-0.041149951094840986
JPN,1989,376970.0,0.08125706913839359
JPN,1990,412350.0,0.08970689459447634
JPN,1991,404360.0,-0.019566932993507535
JPN,1992,357350.0,-0.12358987661986909
JPN,1993,393100.0,0.09534833876182702
JPN,1994,400640.0,0.018999236043864443
JPN,1995,451710.0,0.11997711253138199
JPN,1996,479050.0,0.05876459509382137
JPN,1997,426020.0,-0.11731868257274414
JPN,1998,365730.0,-0.15259093727897444
JPN,1999,329090.0,-0.1055640866584735
JPN,2000,312060.0,-0.05313579257365397
JPN,2001,346690.0,0.1052355318815188
JPN,2002,348080.0,0.0040013295178695785
JPN,2003,397700.0,0.13326561380121937
JPN,2004,369670.0,-0.07308723643948944
JPN,2005,350910.0,-0.05208093544342951
JPN,2006,318450.0,-0.09706430351335094
JPN,2007,327370.0,0.027625552888903115
JPN,2008,260910.0,-0.22691550943649474
JPN,2009,313130.0,0.18244291950573022
JPN,2010,264730.0,-0.16790800111257198
JPN,2011,214110.0,-0.21222053701185573
JPN,2012,205570.0,-0.04070329311350385
JPN,2013,238390.0,0.14812137946511683
JPN,2014,220830.0,-0.0765148132639748
JPN,2015,209770.0,-0.05138148232802564
JPN,2016,179540.0,-0.1556136680821556
JPN,2017,146520.0,-0.20323608641792923
JPN,2018,146520.0,0.0
JPN,2019,146520.0,0.0
JPN,2020,146520.0,0.0
KAZ,1992,68470.0,
KAZ,1993,59590.0,-0.138907918374084
KAZ,1994,47560.0,-0.22549570293630694
KAZ,1995,50320.0,0.056410540569604706
KAZ,1996,45930.0,-0.09128411405448311
KAZ,1997,33730.0,-0.3087308492641423
KAZ,1998,26090.0,-0.2568355499249222
KAZ,1999,37350.0,0.35878081243018833
KAZ,2000,37420.0,0.0018724092671185133
KAZ,2001,23260.0,-0.47547017375542566
KAZ,2002,25330.0,0.08525431692306462
KAZ,2003,25980.0,0.025337547228870605
KAZ,2004,33460.0,0.2530236843162239
KAZ,2005,37670.0,0.11851332614527266
KAZ,2006,34290.0,-0.09401025522912221
KAZ,2007,40980.0,0.1782303763359252
KAZ,2008,55550.0,0.30419937327488533
KAZ,2009,34940.0,-0.4636512113797284
KAZ,2010,46480.0,0.2853898078377455
KAZ,2011,35230.0,-0.2771241201905088
KAZ,2012,36850.0,0.04495762628219779
KAZ,2013,34680.0,-0.06069246672300288
KAZ,2014,36910.0,0.062319365129564375
KAZ,2015,40590.0,0.09503921380889935
KAZ,2016,42630.0,0.04903649992631287
KAZ,2017,32009.998,-0.2865099392758239
KAZ,2018,32009.998,0.0
KAZ,2019,32009.998,0.0
KAZ,2020,32009.998,0.0
KEN,1961,8810.0,
KEN,1962,13560.0,0.43123684256416084
KEN,1963,15980.0,0.16421365782587927
KEN,1964,16230.0,0.015523441188371123
KEN,1965,18000.0,0.10351037636966609
KEN,1966,21670.0,0.18555705765210284
KEN,1967,21660.0,-0.0004615739754232351
KEN,1968,22420.0,0.03448617607116944
KEN,1969,25490.0,0.1283328007440101
KEN,1970,26040.0,0.02134759895234417
KEN,1971,21520.0,-0.19065108204678438
KEN,1972,22470.0,0.04319835090365309
KEN,1973,25180.0,0.11386894241896428
KEN,1974,25320.0,0.00554456865977393
KEN,1975,22960.0,-0.09784102582460896
KEN,1976,37010.0,0.47743457494669883
KEN,1977,38560.0,0.041027323344279054
KEN,1978,41910.0,0.08330899219463639
KEN,1979,47790.0,0.13129195065308608
KEN,1980,42260.0,-0.12297540040215615
KEN,1981,51470.0,0.19715810147675228
KEN,1982,74030.0,0.36347130279034445
KEN,1983,91040.0,0.2068285539230139
KEN,1984,84960.0,-0.06911841288439291
KEN,1985,99820.0,0.16118800654783527
KEN,1986,113650.0,0.1297549862570886
KEN,1987,124290.0,0.08949399445886819
KEN,1988,130360.0,0.04768230921193961
KEN,1989,138820.0,0.06287827594207762
KEN,1990,191910.0,0.3238483822187188
KEN,1991,191280.0,-0.0032881889800879804
KEN,1992,156630.0,-0.19985198705949792
KEN,1993,177430.0,0.12468982884491808
KEN,1994,200050.0,0.11999117036775608
KEN,1995,188520.0,-0.059363233247713865
KEN,1996,175260.0,-0.07293351642782575
KEN,1997,155130.0,-0.12200711055146485
KEN,1998,166130.0,0.06850713932214703
KEN,1999,198930.0,0.18018238965049882
KEN,2000,210830.0,0.05809911748301566
KEN,2001,157770.0,-0.2899138452625394
KEN,2002,138580.0,-0.1296905000701276
KEN,2003,114210.0,-0.19340891713671837
KEN,2004,120110.0,0.05036913050388314
KEN,2005,141230.0,0.16198177751457266
KEN,2006,152720.0,0.07821641233651988
KEN,2007,128550.0,-0.17228824570559276
KEN,2008,131530.0,0.022917028768787873
KEN,2009,132910.0,0.010437244952553826
KEN,2010,144080.0,0.08069649343445917
KEN,2011,196470.0,0.31014104703037226
KEN,2012,171600.0,-0.13534356084421084
KEN,2013,177730.0,0.03509935771803896
KEN,2014,183280.0,0.030749493373338765
KEN,2015,175100.0,-0.04565779885343346
KEN,2016,142170.0,-0.20833371464419947
KEN,2017,110940.0,-0.24803401002051828
KEN,2018,110940.0,0.0
KEN,2019,110940.0,0.0
KEN,2020,110940.0,0.0
KGZ,1992,840.0,
KGZ,1993,350.0,-0.8754687373539003
KGZ,1994,290.0,-0.18805223150293937
KGZ,1995,390.0,0.2962658161431726
KGZ,1996,330.0,-0.1670540846631665
KGZ,1997,250.0,-0.27763173659827967
KGZ,1998,250.0,0.0
KGZ,1999,120.0,-0.7339691750802002
KGZ,2000,110.0,-0.08701137698962924
KGZ,2001,320.0,1.0678406300013554
KGZ,2002,250.0,-0.24686007793152598
KGZ,2003,80.0,-1.1394342831883648
KGZ,2004,30.0,-0.9808292530117257
KGZ,2005,50.0,0.5108256237659905
KGZ,2006,60.0,0.18232155679395445
KGZ,2007,120.0,0.6931471805599454
KGZ,2008,100.0,-0.182321556793954
KGZ,2009,140.0,0.33647223662121206
KGZ,2010,380.0,0.9985288301111277
KGZ,2011,450.0,0.16907633004393396
KGZ,2012,390.0,-0.14310084364067333
KGZ,2013,420.0,0.07410797215372167
KGZ,2014,810.0,0.6567795363890703
KGZ,2015,1100.0,0.30603121111997744
KGZ,2016,2020.0,0.6077873316087885
KGZ,2017,2190.0,0.08080403241529677
KGZ,2018,2190.0,0.0
KGZ,2019,2190.0,0.0
KGZ,2020,2190.0,0.0
KHM,1961,29100.0,
KHM,1962,31500.0,0.07924937165414114
KHM,1963,33200.0,0.052562330090854203
KHM,1964,33200.0,0.0
KHM,1965,37400.0,0.11912082849804406
KHM,1966,37400.0,0.0
KHM,1967,41500.0,0.10402272281616654
KHM,1968,41500.0,0.0
KHM,1969,43200.0,0.040147068013412834
KHM,1970,32000.0,-0.3001045924503387
KHM,1971,55000.0,0.5415972824327433
KHM,1972,66000.0,0.1823215567939549
KHM,1973,73800.0,0.11170398958000227
KHM,1974,73800.0,0.0
KHM,1975,73800.0,0.0
KHM,1976,73800.0,0.0
KHM,1977,73810.0,0.00013549217553432413
KHM,1978,30030.0,-0.8992973417867223
KHM,1979,21950.0,-0.3134297424740584
KHM,1980,18410.0,-0.17587314427619383
KHM,1981,50580.0,1.0106622459968317
KHM,1982,65500.0,0.25849390139938677
KHM,1983,58520.0,-0.1126815664892824
KHM,1984,56640.0,-0.032653126766458485
KHM,1985,59370.0,0.047073598897119595
KHM,1986,66380.0,0.1116067580092448
KHM,1987,64650.0,-0.026407701073962286
KHM,1988,65750.0,0.01687156584000782
KHM,1989,56020.0,-0.16015090122591147
KHM,1990,71480.0,0.24370892045926418
KHM,1991,81370.0,0.12958896441733891
KHM,1992,77430.0,-0.0496323523099349
KHM,1993,75280.0,-0.028159807121507896
KHM,1994,72600.0,-0.03624957344637281
KHM,1995,81200.0,0.1119503253368812
KHM,1996,72440.0,-0.11415661415241907
KHM,1997,84430.0,0.15316415566619668
KHM,1998,88190.0,0.04357078921868052
KHM,1999,244990.0,1.0217238154850978
KHM,2000,259299.98,0.05676822202869225
KHM,2001,397960.0,0.4283658823072791
KHM,2002,373930.0,-0.06228288359972822
KHM,2003,326140.0,-0.13674187708829955
KHM,2004,269500.0,-0.19075834668407943
KHM,2005,348500.0,0.25706983985152654
KHM,2006,454200.0,0.26489939947087926
KHM,2007,428400.0,-0.05848029109786346
KHM,2008,402950.0,-0.06124485380307476
KHM,2009,437600.0,0.08249276633725167
KHM,2010,462320.0,0.05495204090175143
KHM,2011,513810.0,0.10559625530286532
KHM,2012,519460.03,0.010936320902136032
KHM,2013,613930.0,0.16709104691872412
KHM,2014,619950.0,0.009757914492602993
KHM,2015,627010.0,0.01132365984320316
KHM,2016,669050.0,0.06489630628194298
KHM,2017,722840.0,0.07732910177896635
KHM,2018,774320.0,0.06879732731086996
KHM,2019,814620.0,0.050736521999411366
KHM,2020,814620.0,0.0
KIR,1961,0.0,
KIR,1962,0.0,
KIR,1963,0.0,
KIR,1964,0.0,
KIR,1965,0.0,
KIR,1966,0.0,
KIR,1967,0.0,
KIR,1968,0.0,
KIR,1969,0.0,
KIR,1970,0.0,
KIR,1971,0.0,
KIR,1972,0.0,
KIR,1973,0.0,
KIR,1974,30.0,inf
KIR,1975,30.0,0.0
KIR,1976,30.0,0.0
KIR,1977,30.0,0.0
KIR,1978,30.0,0.0
KIR,1979,30.0,0.0
KIR,1980,30.0,0.0
KIR,1981,40.0,0.2876820724517808
KIR,1982,40.0,0.0
KIR,1983,40.0,0.0
KIR,1984,30.0,-0.2876820724517808
KIR,1985,260.0,2.159484249353372
KIR,1986,170.0,-0.4248831939652655
KIR,1987,370.0,0.7777045685880077
KIR,1988,300.0,-0.2097205309820689
KIR,1989,310.0,0.032789822822991255
KIR,1990,340.0,0.09237332013101529
KIR,1991,320.0,-0.060624621816435464
KIR,1992,320.0,0.0
KIR,1993,330.0,0.030771658666753687
KIR,1994,320.0,-0.030771658666753687
KIR,1995,300.0,-0.06453852113757108
KIR,1996,300.0,0.0
KIR,1997,300.0,0.0
KIR,1998,0.0,-inf
KIR,1999,90.0,inf
KIR,2000,2190.0,3.191847152480282
KIR,2001,80.0,-3.3096301881366657
KIR,2002,70.0,-0.13353139262452185
KIR,2003,390.0,1.7176514970743328
KIR,2004,300.0,-0.2623642644674913
KIR,2005,210.0,-0.35667494393873245
KIR,2006,120.0,-0.5596157879354227
KIR,2007,50.0,-0.8754687373538999
KIR,2008,20.0,-0.9162907318741551
KIR,2009,10.0,-0.693147180559945
KIR,2010,10.0,0.0
KIR,2011,10.0,0.0
KIR,2012,20.0,0.693147180559945
KIR,2013,20.0,0.0
KIR,2014,0.0,-inf
KIR,2015,0.0,
KIR,2016,0.0,
KIR,2017,0.0,
KIR,2018,0.0,
KIR,2019,0.0,
KIR,2020,0.0,
KNA,1961,0.0,
KNA,1962,0.0,
KNA,1963,0.0,
KNA,1964,0.0,
KNA,1965,0.0,
KNA,1966,0.0,
KNA,1967,0.0,
KNA,1968,0.0,
KNA,1969,0.0,
KNA,1970,0.0,
KNA,1971,0.0,
KNA,1972,0.0,
KNA,1973,0.0,
KNA,1974,0.0,
KNA,1975,0.0,
KNA,1976,0.0,
KNA,1977,0.0,
KNA,1978,0.0,
KNA,1979,0.0,
KNA,1980,0.0,
KNA,1981,0.0,
KNA,1982,0.0,
KNA,1983,0.0,
KNA,1984,0.0,
KNA,1985,0.0,
KNA,1986,0.0,
KNA,1987,0.0,
KNA,1988,0.0,
KNA,1989,0.0,
KNA,1990,0.0,
KNA,1991,0.0,
KNA,1992,0.0,
KNA,1993,0.0,
KNA,1994,0.0,
KNA,1995,0.0,
KNA,1996,0.0,
KNA,1997,0.0,
KNA,1998,0.0,
KNA,1999,0.0,
KNA,2000,0.0,
KNA,2001,0.0,
KNA,2002,0.0,
KNA,2003,0.0,
KNA,2004,0.0,
KNA,2005,0.0,
KNA,2006,0.0,
KNA,2007,0.0,
KNA,2008,0.0,
KNA,2009,0.0,
KNA,2010,0.0,
KNA,2011,0.0,
KNA,2012,0.0,
KNA,2013,0.0,
KNA,2014,0.0,
KNA,2015,0.0,
KNA,2016,0.0,
KNA,2017,0.0,
KNA,2018,0.0,
KNA,2019,0.0,
KNA,2020,0.0,
KOR,1961,900.0,
KOR,1962,3100.0,1.2367626271489263
KOR,1963,4400.0,0.3502024294331161
KOR,1964,2100.0,-0.7396671961948389
KOR,1965,2000.0,-0.04879016416943216
KOR,1966,4000.0,0.6931471805599454
KOR,1967,4600.0,0.13976194237515926
KOR,1968,9900.0,0.7664784536454938
KOR,1969,7600.0,-0.26438650984825784
KOR,1970,11900.0,0.4483901528251977
KOR,1971,9200.0,-0.25733491606248826
KOR,1972,10800.0,0.16034265007517945
KOR,1973,11800.0,0.0885533973414443
KOR,1974,11460.0,-0.029236820185024825
KOR,1975,10120.0,-0.12434904742727504
KOR,1976,16800.0,0.5068652225498944
KOR,1977,21340.0,0.23920435946439333
KOR,1978,24540.0,0.13972119340915867
KOR,1979,32279.998,0.27414334216111236
KOR,1980,35520.0,0.09564813668009187
KOR,1981,44810.0,0.23233541067408225
KOR,1982,47700.0,0.0625000690962434
KOR,1983,51310.0,0.0729542670595773
KOR,1984,45730.0,-0.1151311272839095
KOR,1985,51840.0,0.1254075143740554
KOR,1986,63820.0,0.20790456880607877
KOR,1987,59460.0,-0.07076280328014661
KOR,1988,44330.0,-0.29364216881298866
KOR,1989,47580.0,0.07075085611784893
KOR,1990,52760.0,0.10334082297430314
KOR,1991,43570.0,-0.19138448771976257
KOR,1992,51790.0,0.1728282403064494
KOR,1993,37250.0,-0.3295451356102319
KOR,1994,38870.0,0.04257080003856295
KOR,1995,38660.0,-0.005417271083947739
KOR,1996,36160.0,-0.0668519382562085
KOR,1997,45580.0,0.23151548829356194
KOR,1998,38370.0,-0.1721931195586759
KOR,1999,26000.0,-0.38917936623738036
KOR,2000,26120.0,0.004604766386748338
KOR,2001,26070.0,-0.0019160764628196603
KOR,2002,21020.0,-0.21531086249660447
KOR,2003,24090.0,0.1363224511779748
KOR,2004,30200.0,0.22604510775404307
KOR,2005,27490.0,-0.09401962220366933
KOR,2006,33120.0,0.18631502733990501
KOR,2007,35200.0,0.060908753086991396
KOR,2008,32150.002,-0.09063356971202552
KOR,2009,32270.0,0.003725493171845784
KOR,2010,39050.0,0.1907048702218237
KOR,2011,34540.0,-0.12272480356716287
KOR,2012,37370.0,0.0787501707788607
KOR,2013,31230.0,-0.17948907220240606
KOR,2014,35360.0,0.12420206647445653
KOR,2015,34770.0,-0.016826291749673317
KOR,2016,33710.0,-0.030960416773799793
KOR,2017,42860.0,0.2401444607994616
KOR,2018,41380.0,-0.035141317728035304
KOR,2019,44080.0,0.0632084925272629
KOR,2020,44080.0,0.0
KWT,1961,100.0,
KWT,1962,100.0,0.0
KWT,1963,100.0,0.0
KWT,1964,100.0,0.0
KWT,1965,100.0,0.0
KWT,1966,100.0,0.0
KWT,1967,200.0,0.6931471805599445
KWT,1968,200.0,0.0
KWT,1969,200.0,0.0
KWT,1970,300.0,0.4054651081081646
KWT,1971,300.0,0.0
KWT,1972,300.0,0.0
KWT,1973,300.0,0.0
KWT,1974,350.0,0.15415067982725805
KWT,1975,350.0,0.0
KWT,1976,220.0,-0.464305608131097
KWT,1977,290.0,0.27625337662815763
KWT,1978,240.0,-0.1892419996385284
KWT,1979,60.0,-1.3862943611198908
KWT,1980,90.0,0.4054651081081646
KWT,1981,190.0,0.7472144018302211
KWT,1982,50.0,-1.3350010667323402
KWT,1983,100.0,0.6931471805599458
KWT,1984,250.0,0.9162907318741542
KWT,1985,120.0,-0.7339691750802002
KWT,1986,250.0,0.7339691750802002
KWT,1987,380.0,0.41871033485818554
KWT,1988,190.0,-0.6931471805599454
KWT,1989,670.0,1.2602536402245255
KWT,1990,410.0,-0.4911205526866578
KWT,1991,240.0,-0.5355182363563626
KWT,1992,520.0,0.7731898882334818
KWT,1993,500.0,-0.03922071315328157
KWT,1994,930.0,0.6205764877251099
KWT,1995,1200.0,0.2548922496287904
KWT,1996,1150.0,-0.04255961441879563
KWT,1997,1080.0,-0.06280090123903026
KWT,1998,990.0,-0.08701137698963013
KWT,1999,1060.0,0.06831924397747713
KWT,2000,670.0,-0.4587464747211012
KWT,2001,350.0,-0.6493445579015527
KWT,2002,550.0,0.4519851237430572
KWT,2003,410.0,-0.29376111852816233
KWT,2004,410.0,0.0
KWT,2005,340.0,-0.1872115420881464
KWT,2006,690.0,0.7077459799810972
KWT,2007,370.0,-0.6231885919530349
KWT,2008,360.0,-0.02739897418811399
KWT,2009,370.0,0.02739897418811399
KWT,2010,460.0,0.21772348384487117
KWT,2011,380.0,-0.1910552367627094
KWT,2012,370.0,-0.026668247082161756
KWT,2013,440.0,0.17327172127403667
KWT,2014,420.0,-0.04652001563489261
KWT,2015,370.0,-0.12675170563914406
KWT,2016,320.0,-0.1451820098444978
KWT,2017,290.0,-0.0984400728132524
KWT,2018,290.0,0.0
KWT,2019,290.0,0.0
KWT,2020,290.0,0.0
LAO,1961,12000.0,
LAO,1962,15000.0,0.2231435513142106
LAO,1963,15000.0,0.0
LAO,1964,15000.0,0.0
LAO,1965,15000.0,0.0
LAO,1966,18000.0,0.1823215567939549
LAO,1967,18000.0,0.0
LAO,1968,18000.0,0.0
LAO,1969,18000.0,0.0
LAO,1970,20000.0,0.105360515657825
LAO,1971,20000.0,0.0
LAO,1972,20000.0,0.0
LAO,1973,20000.0,0.0
LAO,1974,20000.0,0.0
LAO,1975,22000.0,0.09531017980432566
LAO,1976,22000.0,0.0
LAO,1977,22000.0,0.0
LAO,1978,22000.0,0.0
LAO,1979,24000.0,0.08701137698962924
LAO,1980,24000.0,0.0
LAO,1981,24000.0,0.0
LAO,1982,24000.0,0.0
LAO,1983,26000.0,0.08004270767353638
LAO,1984,26000.0,0.0
LAO,1985,26000.0,0.0
LAO,1986,26000.0,0.0
LAO,1987,28000.0,0.07410797215372256
LAO,1988,28000.0,0.0
LAO,1989,28000.0,0.0
LAO,1990,28000.0,0.0
LAO,1991,29000.0,0.03509131981127034
LAO,1992,30000.0,0.03390155167568132
LAO,1993,30500.0,0.01652930195121094
LAO,1994,35000.0,0.13762137787604622
LAO,1995,40250.0,0.13976194237515926
LAO,1996,39000.0,-0.03154835773492515
LAO,1997,40000.0,0.02531780798428862
LAO,1998,40860.0,0.02127213527553984
LAO,1999,60400.0,0.39083751555129354
LAO,2000,71320.0,0.16618768805417083
LAO,2001,81000.0,0.12727236167749822
LAO,2002,93160.0,0.139869290343702
LAO,2003,94700.0,0.016395555175892085
LAO,2004,94700.0,0.0
LAO,2005,86560.0,-0.08987618509386053
LAO,2006,86910.0,0.0040352853511969045
LAO,2007,91640.0,0.052994757135925497
LAO,2008,93480.0,0.01987965208536302
LAO,2009,104980.0,0.11602234615349616
LAO,2010,112980.0,0.07344095607296275
LAO,2011,129580.0,0.13708763912469557
LAO,2012,135980.0,0.04820936507650231
LAO,2013,146900.0,0.0772442670815181
LAO,2014,168550.0,0.13748035850023754
LAO,2015,158550.0,-0.061162440695712306
LAO,2016,170870.0,0.07483303247582462
LAO,2017,174850.0,0.023025430049203877
LAO,2018,174850.0,0.0
LAO,2019,174850.0,0.0
LAO,2020,174850.0,0.0
LBN,1961,0.0,
LBN,1962,0.0,
LBN,1963,0.0,
LBN,1964,0.0,
LBN,1965,0.0,
LBN,1966,0.0,
LBN,1967,0.0,
LBN,1968,0.0,
LBN,1969,0.0,
LBN,1970,0.0,
LBN,1971,100.0,inf
LBN,1972,0.0,-inf
LBN,1973,0.0,
LBN,1974,0.0,
LBN,1975,10.0,inf
LBN,1976,10.0,0.0
LBN,1977,20.0,0.693147180559945
LBN,1978,40.0,0.6931471805599454
LBN,1979,30.0,-0.2876820724517808
LBN,1980,40.0,0.2876820724517808
LBN,1981,70.0,0.5596157879354231
LBN,1982,120.0,0.5389965007326865
LBN,1983,200.0,0.5108256237659905
LBN,1984,300.0,0.4054651081081646
LBN,1985,300.0,0.0
LBN,1986,380.0,0.23638877806423064
LBN,1987,200.0,-0.6418538861723952
LBN,1988,100.0,-0.6931471805599445
LBN,1989,100.0,0.0
LBN,1990,80.0,-0.2231435513142106
LBN,1991,100.0,0.2231435513142106
LBN,1992,150.0,0.4054651081081637
LBN,1993,200.0,0.2876820724517808
LBN,1994,220.0,0.09531017980432566
LBN,1995,320.0,0.37469344944141003
LBN,1996,370.0,0.1451820098444978
LBN,1997,320.0,-0.1451820098444978
LBN,1998,420.0,0.27193371548364187
LBN,1999,320.0,-0.27193371548364187
LBN,2000,420.0,0.27193371548364187
LBN,2001,320.0,-0.27193371548364187
LBN,2002,1090.0,1.2256119794294174
LBN,2003,1070.0,-0.018519047767237673
LBN,2004,1050.0,-0.018868484304382704
LBN,2005,1080.0,0.028170876966696845
LBN,2006,1070.0,-0.00930239266231414
LBN,2007,1070.0,0.0
LBN,2008,1230.0,0.1393555209105113
LBN,2009,1320.0,0.07061756721395351
LBN,2010,1290.0,-0.022989518224698635
LBN,2011,1370.0,0.06016852146645313
LBN,2012,1340.0,-0.022141125877213952
LBN,2013,1210.0,-0.10204925435417067
LBN,2014,1140.0,-0.05959209720224479
LBN,2015,1030.0,-0.1014694601648598
LBN,2016,1030.0,0.0
LBN,2017,1030.0,0.0
LBN,2018,1030.0,0.0
LBN,2019,1030.0,0.0
LBN,2020,1030.0,0.0
LBR,1961,2500.0,
LBR,1962,2500.0,0.0
LBR,1963,2500.0,0.0
LBR,1964,2500.0,0.0
LBR,1965,2500.0,0.0
LBR,1966,3000.0,0.182321556793954
LBR,1967,3000.0,0.0
LBR,1968,3000.0,0.0
LBR,1969,3500.0,0.15415067982725894
LBR,1970,4000.0,0.13353139262452274
LBR,1971,4000.0,0.0
LBR,1972,4000.0,0.0
LBR,1973,4000.0,0.0
LBR,1974,4000.0,0.0
LBR,1975,4000.0,0.0
LBR,1976,4000.0,0.0
LBR,1977,4000.0,0.0
LBR,1978,4000.0,0.0
LBR,1979,4000.0,0.0
LBR,1980,4010.0002,0.0024969300738977296
LBR,1981,4050.0002,0.009925639307374112
LBR,1982,4080.0,0.007380057914907923
LBR,1983,4060.0,-0.004914014802428923
LBR,1984,4100.0,0.009804000096620413
LBR,1985,4100.0,0.0
LBR,1986,4070.0002,-0.007343925115710803
LBR,1987,4120.0,0.012210114766883606
LBR,1988,4110.0,-0.0024301348532915767
LBR,1989,4220.0,0.026412099539777856
LBR,1990,4150.0,-0.016726793805313278
LBR,1991,4030.0002,-0.029341908656226323
LBR,1992,4100.0,0.01722054812388052
LBR,1993,4040.0,-0.01474228173720249
LBR,1994,4040.0,0.0
LBR,1995,4010.0002,-0.0074534007792710355
LBR,1996,4120.0,0.027061872167646328
LBR,1997,4030.0002,-0.022086737775053322
LBR,1998,4060.0,0.007416548027260106
LBR,1999,4240.0,0.04338029563022516
LBR,2000,4130.0,-0.026285862270924554
LBR,2001,4210.0,0.019185240721348862
LBR,2002,4210.0,0.0
LBR,2003,3810.0,-0.09983345855568082
LBR,2004,3460.0,-0.09636060006897651
LBR,2005,2840.0,-0.19746453689651844
LBR,2006,2420.0,-0.1600365120045204
LBR,2007,1940.0,-0.22107956709335763
LBR,2008,840.0,-0.8370413602200149
LBR,2009,2280.0,0.9985288301111268
LBR,2010,2280.0,0.0
LBR,2011,2280.0,0.0
LBR,2012,2290.0,0.004376374599798893
LBR,2013,2290.0,0.0
LBR,2014,2300.0,0.00435730536895651
LBR,2015,2300.0,0.0
LBR,2016,2350.0,0.02150620522096336
LBR,2017,2400.0,0.021053409197832273
LBR,2018,870.0,-1.0147308046874075
LBR,2019,1040.0,0.17848278048678878
LBR,2020,1040.0,0.0
LBY,2010,10.0,
LBY,2011,10.0,0.0
LBY,2012,10.0,0.0
LBY,2013,10.0,0.0
LBY,2014,10.0,0.0
LBY,2015,10.0,0.0
LBY,2016,10.0,0.0
LBY,2017,10.0,0.0
LBY,2018,10.0,0.0
LBY,2019,10.0,0.0
LBY,2020,10.0,0.0
LCA,1961,0.0,
LCA,1962,0.0,
LCA,1963,0.0,
LCA,1964,0.0,
LCA,1965,0.0,
LCA,1966,0.0,
LCA,1967,0.0,
LCA,1968,0.0,
LCA,1969,0.0,
LCA,1970,0.0,
LCA,1971,0.0,
LCA,1972,0.0,
LCA,1973,0.0,
LCA,1974,0.0,
LCA,1975,0.0,
LCA,1976,0.0,
LCA,1977,0.0,
LCA,1978,0.0,
LCA,1979,0.0,
LCA,1980,0.0,
LCA,1981,0.0,
LCA,1982,0.0,
LCA,1983,0.0,
LCA,1984,0.0,
LCA,1985,0.0,
LCA,1986,0.0,
LCA,1987,0.0,
LCA,1988,0.0,
LCA,1989,0.0,
LCA,1990,0.0,
LCA,1991,0.0,
LCA,1992,0.0,
LCA,1993,0.0,
LCA,1994,0.0,
LCA,1995,0.0,
LCA,1996,0.0,
LCA,1997,0.0,
LCA,1998,0.0,
LCA,1999,0.0,
LCA,2000,0.0,
LCA,2001,0.0,
LCA,2002,0.0,
LCA,2003,0.0,
LCA,2004,0.0,
LCA,2005,0.0,
LCA,2006,0.0,
LCA,2007,0.0,
LCA,2008,0.0,
LCA,2009,0.0,
LCA,2010,0.0,
LCA,2011,10.0,inf
LCA,2012,10.0,0.0
LCA,2013,10.0,0.0
LCA,2014,10.0,0.0
LCA,2015,10.0,0.0
LCA,2016,20.0,0.693147180559945
LCA,2017,10.0,-0.693147180559945
LCA,2018,10.0,0.0
LCA,2019,10.0,0.0
LCA,2020,10.0,0.0
LKA,1961,3400.0,
LKA,1962,4600.0,0.3022808718729344
LKA,1963,4400.0,-0.04445176257083361
LKA,1964,5500.0,0.22314355131420882
LKA,1965,7600.0,0.32340015505386077
LKA,1966,9300.0,0.20186615286692522
LKA,1967,8000.0,-0.15057285847937507
LKA,1968,8000.0,0.0
LKA,1969,7000.0,-0.13353139262452274
LKA,1970,8300.0,0.1703453657472398
LKA,1971,8200.0,-0.012121360532345804
LKA,1972,8400.0,0.024097551579060905
LKA,1973,7000.0,-0.1823215567939549
LKA,1974,7690.0,0.09401063446224
LKA,1975,13270.0,0.5455850648265628
LKA,1976,12460.0,-0.06298233498480954
LKA,1977,12890.0,0.033928303591789444
LKA,1978,16460.0,0.24448137829782723
LKA,1979,16940.0,0.02874449397498502
LKA,1980,19190.0,0.12471162079570064
LKA,1981,27820.0,0.37136587647568753
LKA,1982,30950.0,0.10661781263530834
LKA,1983,33160.0,0.06897133113649012
LKA,1984,27610.0,-0.1831663043250309
LKA,1985,29270.0,0.05838507476173049
LKA,1986,31420.0,0.0708815321236802
LKA,1987,32000.0,0.018291269972252167
LKA,1988,33040.0,0.03198304585305145
LKA,1989,34750.0,0.05046062335802226
LKA,1990,26800.0,-0.2597776844939901
LKA,1991,19860.0,-0.29969422889978325
LKA,1992,17530.0,-0.12479395968388474
LKA,1993,15030.0,-0.15386549516825987
LKA,1994,9530.0,-0.4556034860987719
LKA,1995,15030.0,0.4556034860987719
LKA,1996,22330.0,0.39588286208718415
LKA,1997,27290.0,0.20058926886818007
LKA,1998,29950.0,0.09300898984121098
LKA,1999,31530.0,0.05141014899551166
LKA,2000,32400.002,0.02721901096970747
LKA,2001,26400.0,-0.20479447437440612
LKA,2002,25660.0,-0.028430650964780924
LKA,2003,27020.0,0.05164397334456261
LKA,2004,32400.002,0.18158115199462443
LKA,2005,34290.0,0.05669528194815143
LKA,2006,38460.0,0.11476497368580496
LKA,2007,43010.0,0.11181390663501212
LKA,2008,49710.0,0.14477347331093604
LKA,2009,50510.0,0.01596521637337922
LKA,2010,56920.0,0.11947543674169125
LKA,2011,67190.0,0.16587765371040675
LKA,2012,74370.0,0.10152820778315075
LKA,2013,93250.0,0.22623142380871641
LKA,2014,104740.0,0.11619703032741668
LKA,2015,91420.0,-0.13601681594774462
LKA,2016,98390.0,0.07347489997407664
LKA,2017,105150.0,0.06644872927103407
LKA,2018,109780.0,0.04309046097303515
LKA,2019,117790.0,0.07042501484894892
LKA,2020,117790.0,0.0
LSO,1961,0.0,
LSO,1962,0.0,
LSO,1963,0.0,
LSO,1964,0.0,
LSO,1965,0.0,
LSO,1966,0.0,
LSO,1967,0.0,
LSO,1968,0.0,
LSO,1969,0.0,
LSO,1970,0.0,
LSO,1971,0.0,
LSO,1972,0.0,
LSO,1973,0.0,
LSO,1974,10.0,inf
LSO,1975,20.0,0.693147180559945
LSO,1976,30.0,0.4054651081081646
LSO,1977,20.0,-0.4054651081081646
LSO,1978,20.0,0.0
LSO,1979,30.0,0.4054651081081646
LSO,1980,20.0,-0.4054651081081646
LSO,1981,20.0,0.0
LSO,1982,20.0,0.0
LSO,1983,20.0,0.0
LSO,1984,10.0,-0.693147180559945
LSO,1985,20.0,0.693147180559945
LSO,1986,30.0,0.4054651081081646
LSO,1987,30.0,0.0
LSO,1988,30.0,0.0
LSO,1989,30.0,0.0
LSO,1990,30.0,0.0
LSO,1991,30.0,0.0
LSO,1992,30.0,0.0
LSO,1993,40.0,0.2876820724517808
LSO,1994,40.0,0.0
LSO,1995,40.0,0.0
LSO,1996,40.0,0.0
LSO,1997,40.0,0.0
LSO,1998,40.0,0.0
LSO,1999,30.0,-0.2876820724517808
LSO,2000,40.0,0.2876820724517808
LSO,2001,30.0,-0.2876820724517808
LSO,2002,50.0,0.5108256237659905
LSO,2003,50.0,0.0
LSO,2004,50.0,0.0
LSO,2005,50.0,0.0
LSO,2006,50.0,0.0
LSO,2007,180.0,1.2809338454620645
LSO,2008,140.0,-0.25131442828090655
LSO,2009,150.0,0.06899287148695166
LSO,2010,350.0,0.8472978603872034
LSO,2011,350.0,0.0
LSO,2012,450.0,0.25131442828090655
LSO,2013,550.0,0.20067069546215066
LSO,2014,950.0,0.5465437063680705
LSO,2015,1050.0,0.10008345855698231
LSO,2016,1100.0,0.04652001563489261
LSO,2017,1350.0,0.20479441264601395
LSO,2018,2550.0,0.6359887667199962
LSO,2019,2650.0,0.03846628082779624
LSO,2020,2650.0,0.0
LTU,1992,5450.0,
LTU,1993,4080.0,-0.2895186202590825
LTU,1994,3060.0,-0.2876820724517817
LTU,1995,2980.0,-0.026491615446975203
LTU,1996,2840.0,-0.04811924834419834
LTU,1997,3230.0,0.12867808506145018
LTU,1998,3400.0,0.05129329438755015
LTU,1999,3590.0,0.05437677087807202
LTU,2000,3920.0,0.08793945130218361
LTU,2001,4100.0,0.04489531990789075
LTU,2002,4010.0002,-0.022195682516473525
LTU,2003,4570.0,0.13072191371232478
LTU,2004,4770.0,0.042833099994137314
LTU,2005,3760.0,-0.2379273474984469
LTU,2006,3810.0,0.013210231736806577
LTU,2007,5340.0,0.33759646383349384
LTU,2008,4710.0,-0.12553774494377734
LTU,2009,4870.0,0.03340602906617107
LTU,2010,4540.0,-0.07016692504124045
LTU,2011,4830.0,0.061919455611224805
LTU,2012,5230.0,0.07956481041235008
LTU,2013,5690.0,0.08429897006140763
LTU,2014,5100.0,-0.10946970840795878
LTU,2015,6030.0,0.16750647100881366
LTU,2016,5740.0,-0.04928780040761893
LTU,2017,4950.0,-0.1480716337508774
LTU,2018,4950.0,0.0
LTU,2019,4950.0,0.0
LTU,2020,4950.0,0.0
LUX,2018,0.0,
LUX,2019,0.0,
LUX,2020,0.0,
LVA,1992,2230.0,
LVA,1993,1710.0,-0.26550821495745947
LVA,1994,1420.0,-0.18583649890139853
LVA,1995,1770.0,0.22032267497256797
LVA,1996,1750.0,-0.011363758650315248
LVA,1997,1690.0,-0.034887259000440096
LVA,1998,1540.0,-0.09294611250944484
LVA,1999,1720.0,0.1105418743998241
LVA,2000,1570.0,-0.09124867146514504
LVA,2001,1600.0,0.018928009885518904
LVA,2002,1480.0,-0.0779615414697119
LVA,2003,1520.0,0.026668247082161756
LVA,2004,1390.0,-0.08940658771558496
LVA,2005,1320.0,-0.05167201054432091
LVA,2006,1420.0,0.07302513501489027
LVA,2007,2160.0,0.4194513500829036
LVA,2008,2830.0,0.2701684899590733
LVA,2009,2990.0,0.05499667574744915
LVA,2010,2190.0,-0.3113718435741859
LVA,2011,2510.0,0.13638120931528253
LVA,2012,2560.0,0.01972450534777881
LVA,2013,3640.0,0.35197642315717736
LVA,2014,2720.0,-0.2913518013407428
LVA,2015,2540.0,-0.06846779927746027
LVA,2016,2320.0,-0.0905968953522267
LVA,2017,3400.0,0.3822082459438967
LVA,2018,3400.0,0.0
LVA,2019,3400.0,0.0
LVA,2020,3400.0,0.0
MAC,1961,,
MAC,1962,,
MAC,1963,,
MAC,1964,,
MAC,1965,,
MAC,1966,,
MAC,1967,,
MAC,1968,,
MAC,1969,,
MAC,1970,,
MAC,1971,,
MAC,1972,,
MAC,1973,,
MAC,1974,,
MAC,1975,,
MAC,1976,,
MAC,1977,,
MAC,1978,,
MAC,1979,,
MAC,1980,,
MAC,1981,,
MAC,1982,,
MAC,1983,,
MAC,1984,,
MAC,1985,,
MAC,1986,,
MAC,1987,,
MAC,1988,,
MAC,1989,,
MAC,1990,,
MAC,1991,,
MAC,1992,,
MAC,1993,,
MAC,1994,,
MAC,1995,,
MAC,1996,,
MAC,1997,,
MAC,1998,,
MAC,1999,,
MAC,2000,,
MAC,2001,,
MAC,2002,,
MAC,2003,,
MAC,2004,,
MAC,2005,,
MAC,2006,,
MAC,2007,,
MAC,2008,,
MAC,2009,,
MAC,2010,,
MAC,2011,,
MAC,2012,,
MAC,2013,,
MAC,2014,,
MAC,2015,,
MAC,2016,,
MAC,2017,,
MAC,2018,0.0,
MAC,2019,0.0,
MAC,2020,0.0,
MAR,1961,1700.0,
MAR,1962,1500.0,-0.12516314295400566
MAR,1963,1300.0,-0.14310084364067333
MAR,1964,1900.0,0.37948962170490397
MAR,1965,2000.0,0.05129329438755015
MAR,1966,1600.0,-0.2231435513142097
MAR,1967,2000.0,0.2231435513142097
MAR,1968,1800.0,-0.10536051565782589
MAR,1969,1300.0,-0.3254224004346282
MAR,1970,500.0,-0.9555114450274367
MAR,1971,400.0,-0.2231435513142097
MAR,1972,500.0,0.2231435513142097
MAR,1973,500.0,0.0
MAR,1974,560.0,0.11332868530700324
MAR,1975,520.0,-0.07410797215372167
MAR,1976,560.0,0.07410797215372167
MAR,1977,780.0,0.33135713595444294
MAR,1978,840.0,0.07410797215372167
MAR,1979,660.0,-0.24116205681688818
MAR,1980,830.0,0.2291858657701722
MAR,1981,940.0,0.12445417447340645
MAR,1982,1400.0,0.39834764033930004
MAR,1983,1570.0,0.11460338273900383
MAR,1984,1650.0,0.04969966855227259
MAR,1985,1410.0,-0.15718558352241185
MAR,1986,1690.0,0.18113882454490504
MAR,1987,1610.0,-0.04849434993861035
MAR,1988,1360.0,-0.16874947924841166
MAR,1989,1950.0,0.36034467282769533
MAR,1990,1580.0,-0.2104045255367799
MAR,1991,1440.0,-0.09278173345096619
MAR,1992,1990.0,0.32349152514849155
MAR,1993,1880.0,-0.05686286189454304
MAR,1994,1940.0,0.03141619623337899
MAR,1995,2260.0,0.1526768402089571
MAR,1996,2390.0,0.055928552659224806
MAR,1997,3280.0,0.316550056452634
MAR,1998,2930.0,-0.11284099936707737
MAR,1999,3800.0,0.2599986437033648
MAR,2000,2640.0,-0.3642221495741156
MAR,2001,2350.0,-0.11636358900215704
MAR,2002,2750.0,0.15718558352241185
MAR,2003,2140.0,-0.2507950826447196
MAR,2004,1630.0,-0.27222581421508885
MAR,2005,3750.0,0.8331758251636483
MAR,2006,4300.0,0.13685918271719721
MAR,2007,5420.0,0.2314807927520377
MAR,2008,5630.0,0.038013626700044156
MAR,2009,7230.0,0.2501295940190751
MAR,2010,7650.0,0.056466611667771005
MAR,2011,9360.0,0.20173964265105582
MAR,2012,13300.0,0.351318744738208
MAR,2013,15560.0,0.15693948352253706
MAR,2014,15660.0,0.006406171812411543
MAR,2015,15590.0,-0.004480007492972504
MAR,2016,16139.999,0.034670917814247915
MAR,2017,16180.0,0.002475310746413939
MAR,2018,16160.0,-0.0012368585373963015
MAR,2019,16200.001,0.0024722508737813342
MAR,2020,16200.001,0.0
MDA,1992,3060.0,
MDA,1993,2370.0,-0.2555249608172492
MDA,1994,1330.0,-0.5777110129133769
MDA,1995,1530.0,0.14008879317068157
MDA,1996,1090.0,-0.33909003916329183
MDA,1997,1230.0,0.12083647314327361
MDA,1998,1150.0,-0.06725222700916689
MDA,1999,820.0,-0.3382128810989977
MDA,2000,1730.0,0.746572347233526
MDA,2001,1730.0,0.0
MDA,2002,2360.0,0.3105402105278312
MDA,2003,3460.0,0.3826069700321151
MDA,2004,5730.0,0.5044469416570152
MDA,2005,6350.0,0.10273928217795181
MDA,2006,6840.0,0.07433291872985848
MDA,2007,7510.0,0.09344773414158425
MDA,2008,7820.0,0.04044908878117681
MDA,2009,8310.0,0.06077505431013641
MDA,2010,8820.0,0.059562261151343776
MDA,2011,9030.0,0.023530497410193973
MDA,2012,9110.0,0.008820343842971923
MDA,2013,9110.0,0.0
MDA,2014,11050.0,0.19305771669189653
MDA,2015,11220.0,0.015267472130787496
MDA,2016,12060.0,0.07219629120448978
MDA,2017,12130.0,0.005787531656919143
MDA,2018,12130.0,0.0
MDA,2019,12130.0,0.0
MDA,2020,12130.0,0.0
MDG,1961,25000.0,
MDG,1962,27000.0,0.07696104113612812
MDG,1963,31900.0,0.16676914378646934
MDG,1964,39000.0,0.20095563633884872
MDG,1965,36000.0,-0.08004270767353638
MDG,1966,37000.0,0.0273989741881131
MDG,1967,41000.0,0.10265415406008493
MDG,1968,45800.0,0.11071202441583061
MDG,1969,33900.0,-0.30086907673373453
MDG,1970,35100.0,0.034786116085415486
MDG,1971,36900.0,0.05001042057466165
MDG,1972,38000.0,0.029374608679903602
MDG,1973,39100.0,0.02853630726493428
MDG,1974,40300.0,0.030229001961316726
MDG,1975,41500.0,0.0293419582840162
MDG,1976,41500.0,0.0
MDG,1977,41510.0,0.00024093482829457002
MDG,1978,41510.0,0.0
MDG,1979,41530.0,0.0004816955777151577
MDG,1980,38020.0,-0.08830372058237934
MDG,1981,38590.0,0.014880838489244042
MDG,1982,37130.0,-0.038567907360539166
MDG,1983,35470.0,-0.0457379994034568
MDG,1984,32500.0,-0.08744717944983904
MDG,1985,34120.0,0.04864363328778687
MDG,1986,40000.0,0.15899573149045665
MDG,1987,40000.0,0.0
MDG,1988,40000.0,0.0
MDG,1989,30210.0,-0.2807064587153558
MDG,1990,30230.0,0.0006618133927869252
MDG,1991,27660.0,-0.08884748255475472
MDG,1992,29090.0,0.050407146270497805
MDG,1993,31500.0,0.07959307332447807
MDG,1994,32890.0,0.04318111436937855
MDG,1995,33180.0,0.008778624561331938
MDG,1996,32650.002,-0.016102367784117888
MDG,1997,36110.0,0.10072491831118668
MDG,1998,32009.998,-0.12052154378807245
MDG,1999,32330.002,0.009947362098092327
MDG,2000,32480.0,0.0046288616940906024
MDG,2001,32349.998,-0.0040105561703729364
MDG,2002,32400.002,0.0015445254035721945
MDG,2003,32460.0,0.0018500775597676267
MDG,2004,34060.0,0.04811511314809813
MDG,2005,35320.0,0.03632570050121586
MDG,2006,35520.0,0.005646542388211273
MDG,2007,35460.0,-0.0016906174779087735
MDG,2008,35460.0,0.0
MDG,2009,35680.0,0.006185007065747428
MDG,2010,38380.0,0.07294618286774579
MDG,2011,34270.0,-0.11326615469303647
MDG,2012,30630.0,-0.11229041504183357
MDG,2013,26770.0,-0.13469806331242218
MDG,2014,25770.0,-0.03807083286798907
MDG,2015,29780.0,0.14462600259158975
MDG,2016,34860.0,0.15750301283601154
MDG,2017,41380.0,0.1714576322255219
MDG,2018,20300.0,-0.7121767862696551
MDG,2019,15420.0,-0.27495551791255757
MDG,2020,15420.0,0.0
MDV,1961,,
MDV,1962,,
MDV,1963,,
MDV,1964,,
MDV,1965,,
MDV,1966,,
MDV,1967,,
MDV,1968,,
MDV,1969,,
MDV,1970,,
MDV,1971,,
MDV,1972,,
MDV,1973,,
MDV,1974,,
MDV,1975,,
MDV,1976,,
MDV,1977,,
MDV,1978,,
MDV,1979,,
MDV,1980,,
MDV,1981,,
MDV,1982,,
MDV,1983,,
MDV,1984,,
MDV,1985,,
MDV,1986,,
MDV,1987,,
MDV,1988,,
MDV,1989,,
MDV,1990,,
MDV,1991,,
MDV,1992,,
MDV,1993,,
MDV,1994,,
MDV,1995,,
MDV,1996,,
MDV,1997,,
MDV,1998,,
MDV,1999,,
MDV,2000,,
MDV,2001,,
MDV,2002,,
MDV,2003,,
MDV,2004,,
MDV,2005,,
MDV,2006,,
MDV,2007,,
MDV,2008,,
MDV,2009,,
MDV,2010,,
MDV,2011,,
MDV,2012,,
MDV,2013,,
MDV,2014,,
MDV,2015,,
MDV,2016,,
MDV,2017,,
MDV,2018,,
MDV,2019,,
MDV,2020,,
MEX,1961,6820.0,
MEX,1962,4000.0,-0.5335651107354806
MEX,1963,6000.0,0.4054651081081637
MEX,1964,4200.0,-0.35667494393873156
MEX,1965,3900.0,-0.07410797215372256
MEX,1966,5400.0,0.3254224004346291
MEX,1967,6700.0,0.21570857282669031
MEX,1968,7500.0,0.11279549414534529
MEX,1969,8200.0,0.08923113372794234
MEX,1970,6500.0,-0.23233197736861655
MEX,1971,6800.0,0.04512043528047016
MEX,1972,8400.0,0.2113090936672073
MEX,1973,12200.0,0.3732042458899425
MEX,1974,11340.0,-0.07309965343960378
MEX,1975,14140.0,0.22067136216882055
MEX,1976,14630.0,0.03406655456360497
MEX,1977,15470.0,0.055828449552942416
MEX,1978,18210.0,0.16306822915454156
MEX,1979,28160.0,0.4359316375503255
MEX,1980,33010.0,0.15890801457526038
MEX,1981,82630.0,0.9175622648479909
MEX,1982,91920.0,0.10654582282740677
MEX,1983,94860.0,0.03148348690893599
MEX,1984,100850.0,0.061232143950784135
MEX,1985,92120.0,-0.09054218944773496
MEX,1986,108200.0,0.1608892914598954
MEX,1987,160970.0,0.39723664580575857
MEX,1988,157610.0,-0.021094385030689722
MEX,1989,155560.0,-0.0130921178999035
MEX,1990,126260.0,-0.20868823634806688
MEX,1991,123970.0,-0.018303672089423628
MEX,1992,120730.0,-0.026482953505759355
MEX,1993,120600.0,-0.0010773630512108667
MEX,1994,123770.0,0.02594572025884645
MEX,1995,123160.0,-0.004940681495630983
MEX,1996,131670.0,0.0668144693119519
MEX,1997,126120.0,-0.04306495769139218
MEX,1998,109610.0,-0.14030522344922858
MEX,1999,102800.0,-0.06414325820656686
MEX,2000,120140.0,0.15587237640094997
MEX,2001,111840.0,-0.071588450936515
MEX,2002,103370.0,-0.07875449390510703
MEX,2003,130530.0,0.2332883008203055
MEX,2004,138310.0,0.057894457235917685
MEX,2005,138140.0,-0.0012298789757885231
MEX,2006,139940.0,0.012946095656923617
MEX,2007,130590.0,-0.06915111508543426
MEX,2008,121750.0,-0.07009288226961807
MEX,2009,126340.0,0.03700692350785495
MEX,2010,123850.0,-0.019905529535185096
MEX,2011,139940.0,0.12214260338238248
MEX,2012,149530.0,0.06628328227800218
MEX,2013,159100.0,0.06203589374798746
MEX,2014,214350.0,0.2980772577002462
MEX,2015,222850.0,0.038888706348577884
MEX,2016,276400.0,0.21535019250094933
MEX,2017,246870.0,-0.11298720960778219
MEX,2018,295850.0,0.18099068683697084
MEX,2019,228620.0,-0.2577913325250698
MEX,2020,228620.0,0.0
MKD,1992,1090.0,
MKD,1993,920.0,-0.16955930518010298
MKD,1994,940.0,0.02150620522096336
MKD,1995,1040.0,0.10109611687136866
MKD,1996,600.0,-0.5500463369192721
MKD,1997,670.0,0.11034805716886531
MKD,1998,780.0,0.15201620729862597
MKD,1999,1300.0,0.5108256237659905
MKD,2000,1430.0,0.09531017980432477
MKD,2001,920.0,-0.4410560532108665
MKD,2002,910.0,-0.010929070532190721
MKD,2003,1030.0,0.12386948171278611
MKD,2004,1170.0,0.12744494656812044
MKD,2005,1110.0,-0.052643733485422395
MKD,2006,740.0,-0.4054651081081646
MKD,2007,1220.0,0.49995595152908745
MKD,2008,1450.0,0.17271269768731745
MKD,2009,1760.0,0.19375025261757717
MKD,2010,1730.0,-0.017192400540372965
MKD,2011,1640.0,-0.05342516667358055
MKD,2012,1550.0,-0.05644131090495108
MKD,2013,1670.0,0.07456869549750778
MKD,2014,1500.0,-0.10735851832049903
MKD,2015,1340.0,-0.1127954941453444
MKD,2016,1110.0,-0.1883095986385772
MKD,2017,1600.0,0.3656436139214927
MKD,2018,1600.0,0.0
MKD,2019,1600.0,0.0
MKD,2020,1600.0,0.0
MLI,1961,80000.0,
MLI,1962,90000.0,0.11778303565638382
MLI,1963,90000.0,0.0
MLI,1964,90000.0,0.0
MLI,1965,90000.0,0.0
MLI,1966,110000.0,0.20067069546215066
MLI,1967,100000.0,-0.09531017980432388
MLI,1968,106000.0,0.058268908123976004
MLI,1969,108000.0,0.018692133012152112
MLI,1970,110000.0,0.018349138668195764
MLI,1971,90000.0,-0.20067069546215066
MLI,1972,80000.0,-0.11778303565638382
MLI,1973,85000.0,0.060624621816435464
MLI,1974,75000.0,-0.12516314295400655
MLI,1975,75000.0,0.0
MLI,1976,75000.0,0.0
MLI,1977,75000.0,0.0
MLI,1978,75000.0,0.0
MLI,1979,83590.0,0.10843578217475525
MLI,1980,88230.0,0.0540231455229474
MLI,1981,75560.0,-0.1550199986007037
MLI,1982,73450.0,-0.02832214001342237
MLI,1983,61290.0,-0.18098820512224556
MLI,1984,54710.0,-0.11357018942190678
MLI,1985,54180.0,-0.009734671418785368
MLI,1986,61010.0,0.11872594850681217
MLI,1987,55710.0,-0.09087812113103766
MLI,1988,55880.0,0.0030468703560373456
MLI,1989,71840.0,0.25123488960518436
MLI,1990,70550.0,-0.01811974569512209
MLI,1991,68780.0,-0.02540867329470231
MLI,1992,68510.0,-0.003933284989312114
MLI,1993,64350.0,-0.06264278597267214
MLI,1994,62950.0,-0.02199617355178063
MLI,1995,133000.0,0.7480083677313978
MLI,1996,111970.0,-0.17211814994964847
MLI,1997,99610.0,-0.11696841711503048
MLI,1998,98060.0,-0.015683024933986545
MLI,1999,98620.0,0.005694544572891758
MLI,2000,109900.0,0.10829678061359616
MLI,2001,100500.0,-0.08941313391044581
MLI,2002,101010.0,0.005061794341962411
MLI,2003,101010.0,0.0
MLI,2004,101010.0,0.0
MLI,2005,101010.0,0.0
MLI,2006,101000.0,-9.900499983217514e-05
MLI,2007,100640.0,-0.003570723889129823
MLI,2008,100820.0,0.0017869557023537652
MLI,2009,101360.0,0.00534178735839852
MLI,2010,102080.0,0.007078283583597411
MLI,2011,110220.0,0.07672154885860927
MLI,2012,72220.0,-0.42276135260577696
MLI,2013,101560.0,0.3409327409871654
MLI,2014,81950.0,-0.2145404516466396
MLI,2015,94880.0,0.146503630059577
MLI,2016,106680.0,0.11722076406439896
MLI,2017,110140.0,0.031918584520521875
MLI,2018,110140.0,0.0
MLI,2019,110140.0,0.0
MLI,2020,110140.0,0.0
MLT,1961,0.0,
MLT,1962,0.0,
MLT,1963,0.0,
MLT,1964,0.0,
MLT,1965,0.0,
MLT,1966,0.0,
MLT,1967,0.0,
MLT,1968,0.0,
MLT,1969,0.0,
MLT,1970,0.0,
MLT,1971,0.0,
MLT,1972,0.0,
MLT,1973,0.0,
MLT,1974,0.0,
MLT,1975,0.0,
MLT,1976,0.0,
MLT,1977,0.0,
MLT,1978,0.0,
MLT,1979,0.0,
MLT,1980,0.0,
MLT,1981,0.0,
MLT,1982,0.0,
MLT,1983,0.0,
MLT,1984,0.0,
MLT,1985,0.0,
MLT,1986,0.0,
MLT,1987,0.0,
MLT,1988,0.0,
MLT,1989,0.0,
MLT,1990,0.0,
MLT,1991,0.0,
MLT,1992,0.0,
MLT,1993,0.0,
MLT,1994,0.0,
MLT,1995,0.0,
MLT,1996,0.0,
MLT,1997,0.0,
MLT,1998,0.0,
MLT,1999,0.0,
MLT,2000,0.0,
MLT,2001,0.0,
MLT,2002,0.0,
MLT,2003,0.0,
MLT,2004,0.0,
MLT,2005,0.0,
MLT,2006,0.0,
MLT,2007,0.0,
MLT,2008,0.0,
MLT,2009,0.0,
MLT,2010,40.0,inf
MLT,2011,50.0,0.2231435513142097
MLT,2012,0.0,-inf
MLT,2013,0.0,
MLT,2014,10.0,inf
MLT,2015,110.0,2.3978952727983707
MLT,2016,230.0,0.737598943130779
MLT,2017,80.0,-1.0560526742493144
MLT,2018,10.0,-2.0794415416798353
MLT,2019,0.0,-inf
MLT,2020,0.0,
MMR,1961,103110.0,
MMR,1962,103140.0,0.00029090909296058953
MMR,1963,103180.0,0.00038774719369172317
MMR,1964,103230.0,0.000484472660994939
MMR,1965,103290.0,0.00058105754104254
MMR,1966,103350.0,0.0005807201092355996
MMR,1967,108530.0,0.048905346330146315
MMR,1968,112920.0,0.039652970927365416
MMR,1969,115920.0,0.026220694627138386
MMR,1970,121000.0,0.04289024758431381
MMR,1971,122900.0,0.015580470975248062
MMR,1972,124200.0,0.010522152927389783
MMR,1973,125300.0,0.008817692402644184
MMR,1974,126240.0,0.00747399519554115
MMR,1975,130000.0,0.029349593358018566
MMR,1976,134370.0,0.03306273843173635
MMR,1977,138900.0,0.03315706087297876
MMR,1978,143750.0,0.034321429917161694
MMR,1979,152070.0,0.05626526147490729
MMR,1980,151230.0,-0.005539084389717175
MMR,1981,149050.0,-0.014520036638568712
MMR,1982,133840.0,-0.10763676344551243
MMR,1983,142860.0,0.06522007304825728
MMR,1984,147950.0,0.035009249119392294
MMR,1985,151840.0,0.025952956015400375
MMR,1986,151360.0,-0.0031662295580510147
MMR,1987,144990.0,-0.04299633077846465
MMR,1988,144810.0,-0.0012422361845914054
MMR,1989,143230.0,-0.010970808548737665
MMR,1990,144580.0,0.009381257780377794
MMR,1991,147500.0,0.019995188207722947
MMR,1992,167240.0,0.1256017307084889
MMR,1993,193740.0,0.1470871475098754
MMR,1994,210950.0,0.08510408457210872
MMR,1995,219000.0,0.03745059124615402
MMR,1996,216300.0,-0.012405396857488427
MMR,1997,229780.0,0.06045599646620481
MMR,1998,228950.0,-0.0036186903221135935
MMR,1999,246030.0,0.07194984061332477
MMR,2000,290010.0,0.16446192542819382
MMR,2001,354000.0,0.19938150798915188
MMR,2002,438430.0,0.2139032508156955
MMR,2003,522930.0,0.17624744794541414
MMR,2004,824570.0,0.45541442644033125
MMR,2005,939120.0,0.13008122823505097
MMR,2006,1155510.0,0.20735381736894531
MMR,2007,1272500.0,0.0964416644854662
MMR,2008,1433500.0,0.1191355368987459
MMR,2009,1596700.0,0.10781999302223078
MMR,2010,1558270.0,-0.024362767828103316
MMR,2011,1556430.0,-0.0011814943423402724
MMR,2012,1655050.0,0.06143648265995694
MMR,2013,1709300.0,0.032252710127053774
MMR,2014,1756130.0,0.02702859438327465
MMR,2015,1805690.0,0.027830265842506918
MMR,2016,1833480.0,0.015273010164619905
MMR,2017,1872850.0,0.021245534460003768
MMR,2018,1872850.0,0.0
MMR,2019,1872850.0,0.0
MMR,2020,1872850.0,0.0
MNE,2006,920.0,
MNE,2007,580.0,-0.4613455665026214
MNE,2008,1160.0,0.6931471805599454
MNE,2009,1130.0,-0.026202372394024565
MNE,2010,1010.0,-0.11226730187108114
MNE,2011,1320.0,0.2676814057451118
MNE,2012,1140.0,-0.14660347419187492
MNE,2013,1370.0,0.1837824774336294
MNE,2014,1370.0,0.0
MNE,2015,1170.0,-0.15780699103036877
MNE,2016,1260.0,0.07410797215372167
MNE,2017,840.0,-0.4054651081081646
MNE,2018,870.0,0.03509131981127034
MNE,2019,840.0,-0.03509131981127034
MNE,2020,840.0,0.0
MNG,1961,250.0,
MNG,1962,250.0,0.0
MNG,1963,280.0,0.11332868530700324
MNG,1964,280.0,0.0
MNG,1965,290.0,0.03509131981127034
MNG,1966,290.0,0.0
MNG,1967,290.0,0.0
MNG,1968,300.0,0.03390155167568132
MNG,1969,300.0,0.0
MNG,1970,300.0,0.0
MNG,1971,300.0,0.0
MNG,1972,300.0,0.0
MNG,1973,300.0,0.0
MNG,1974,300.0,0.0
MNG,1975,300.0,0.0
MNG,1976,300.0,0.0
MNG,1977,270.0,-0.10536051565782589
MNG,1978,490.0,0.5959834321062969
MNG,1979,540.0,0.0971637484536485
MNG,1980,350.0,-0.43363598507486145
MNG,1981,260.0,-0.2972515234679314
MNG,1982,180.0,-0.3677247801253172
MNG,1983,350.0,0.6649763035932486
MNG,1984,370.0,0.055569851154810834
MNG,1985,370.0,0.0
MNG,1986,410.0,0.10265415406008405
MNG,1987,380.0,-0.07598590697792229
MNG,1988,280.0,-0.3053816495511823
MNG,1989,250.0,-0.11332868530700324
MNG,1990,120.0,-0.7339691750802002
MNG,1991,100.0,-0.182321556793954
MNG,1992,120.0,0.182321556793954
MNG,1993,170.0,0.34830669426821625
MNG,1994,180.0,0.05715841383994835
MNG,1995,160.0,-0.11778303565638382
MNG,1996,220.0,0.31845373111853537
MNG,1997,180.0,-0.20067069546215155
MNG,1998,310.0,0.5436154465889818
MNG,1999,520.0,0.5172565140962808
MNG,2000,430.0,-0.19004360288786515
MNG,2001,290.0,-0.39390428570708824
MNG,2002,260.0,-0.109199291964992
MNG,2003,380.0,0.37948962170490397
MNG,2004,310.0,-0.2035989552412394
MNG,2005,370.0,0.17693070815907763
MNG,2006,330.0,-0.11441035117774412
MNG,2007,190.0,-0.5520685823000395
MNG,2008,90.0,-0.7472144018302211
MNG,2009,90.0,0.0
MNG,2010,100.0,0.10536051565782678
MNG,2011,80.0,-0.2231435513142106
MNG,2012,60.0,-0.2876820724517808
MNG,2013,60.0,0.0
MNG,2014,50.0,-0.18232155679395445
MNG,2015,60.0,0.18232155679395445
MNG,2016,20.0,-1.0986122886681096
MNG,2017,20.0,0.0
MNG,2018,20.0,0.0
MNG,2019,20.0,0.0
MNG,2020,20.0,0.0
MOZ,1961,1500.0,
MOZ,1962,1500.0,0.0
MOZ,1963,1500.0,0.0
MOZ,1964,1500.0,0.0
MOZ,1965,2000.0,0.2876820724517808
MOZ,1966,2000.0,0.0
MOZ,1967,2000.0,0.0
MOZ,1968,2000.0,0.0
MOZ,1969,2000.0,0.0
MOZ,1970,2500.0,0.2231435513142097
MOZ,1971,2500.0,0.0
MOZ,1972,2500.0,0.0
MOZ,1973,3000.0,0.182321556793954
MOZ,1974,3000.0,0.0
MOZ,1975,3000.0,0.0
MOZ,1976,3000.0,0.0
MOZ,1977,3000.0,0.0
MOZ,1978,3000.0,0.0
MOZ,1979,3500.0,0.15415067982725894
MOZ,1980,3500.0,0.0
MOZ,1981,3500.0,0.0
MOZ,1982,3500.0,0.0
MOZ,1983,3500.0,0.0
MOZ,1984,3500.0,0.0
MOZ,1985,3500.0,0.0
MOZ,1986,3770.0,0.07431203296455102
MOZ,1987,3280.0,-0.13923157906386585
MOZ,1988,3270.0,-0.0030534374868906866
MOZ,1989,3520.0,0.07367100470084331
MOZ,1990,3520.0,0.0
MOZ,1991,3820.0,0.08178943300847763
MOZ,1992,3810.0,-0.0026212334798731973
MOZ,1993,4700.0,0.20993331957740224
MOZ,1994,5040.0,0.06984357336726532
MOZ,1995,9210.0,0.6028837681839381
MOZ,1996,11580.0,0.22898962187763416
MOZ,1997,15920.0,0.31829670827138656
MOZ,1998,14310.0,-0.10661758684787692
MOZ,1999,16040.001,0.11412707121414734
MOZ,2000,19190.0,0.17930364523710196
MOZ,2001,15080.0,-0.24101994743979915
MOZ,2002,17580.0,0.1533925296772214
MOZ,2003,20050.0,0.13146726149554766
MOZ,2004,27780.0,0.32608718357361965
MOZ,2005,23110.0,-0.1840509130399095
MOZ,2006,26070.0,0.1205198036591213
MOZ,2007,24230.0,-0.07319369311697521
MOZ,2008,28480.0,0.16161055171533967
MOZ,2009,44510.0,0.4465117964839891
MOZ,2010,45030.0,0.01161505128571605
MOZ,2011,73710.0,0.492809540887718
MOZ,2012,67720.0,-0.08475691793626261
MOZ,2013,85440.0,0.23243281794695037
MOZ,2014,84880.0,-0.00657588090615846
MOZ,2015,94150.0,0.10365076079743396
MOZ,2016,97320.0,0.03311526281216004
MOZ,2017,98860.0,0.01570018996349276
MOZ,2018,104620.0,0.056630030063651304
MOZ,2019,119890.0,0.13623991777709676
MOZ,2020,119890.0,0.0
MRT,1961,10000.0,
MRT,1962,10000.0,0.0
MRT,1963,10000.0,0.0
MRT,1964,10000.0,0.0
MRT,1965,11000.0,0.09531017980432388
MRT,1966,12000.0,0.08701137698962924
MRT,1967,13000.0,0.08004270767353638
MRT,1968,18000.0,0.3254224004346291
MRT,1969,23000.0,0.24512245803298427
MRT,1970,6000.0,-1.3437347467010952
MRT,1971,6000.0,0.0
MRT,1972,6000.0,0.0
MRT,1973,6000.0,0.0
MRT,1974,6000.0,0.0
MRT,1975,6000.0,0.0
MRT,1976,6000.0,0.0
MRT,1977,6000.0,0.0
MRT,1978,6000.0,0.0
MRT,1979,6000.0,0.0
MRT,1980,6000.0,0.0
MRT,1981,6000.0,0.0
MRT,1982,6000.0,0.0
MRT,1983,6000.0,0.0
MRT,1984,6000.0,0.0
MRT,1985,6000.0,0.0
MRT,1986,6000.0,0.0
MRT,1987,6000.0,0.0
MRT,1988,6000.0,0.0
MRT,1989,6000.0,0.0
MRT,1990,6000.0,0.0
MRT,1991,6000.0,0.0
MRT,1992,5000.0,-0.18232155679395312
MRT,1993,5000.0,0.0
MRT,1994,7000.0,0.33647223662121206
MRT,1995,8000.0,0.13353139262452274
MRT,1996,8000.0,0.0
MRT,1997,9000.0,0.11778303565638382
MRT,1998,9000.0,0.0
MRT,1999,10000.0,0.10536051565782678
MRT,2000,10000.0,0.0
MRT,2001,10000.0,0.0
MRT,2002,12000.0,0.18232155679395312
MRT,2003,12000.0,0.0
MRT,2004,12000.0,0.0
MRT,2005,13000.0,0.08004270767353638
MRT,2006,15000.0,0.1431008436406742
MRT,2007,15000.0,0.0
MRT,2008,15000.0,0.0
MRT,2009,15000.0,0.0
MRT,2010,15000.0,0.0
MRT,2011,15000.0,0.0
MRT,2012,15000.0,0.0
MRT,2013,15000.0,0.0
MRT,2014,15000.0,0.0
MRT,2015,15000.0,0.0
MRT,2016,15000.0,0.0
MRT,2017,15000.0,0.0
MRT,2018,15000.0,0.0
MRT,2019,15000.0,0.0
MRT,2020,15000.0,0.0
MUS,1961,0.0,
MUS,1962,0.0,
MUS,1963,0.0,
MUS,1964,0.0,
MUS,1965,0.0,
MUS,1966,0.0,
MUS,1967,0.0,
MUS,1968,0.0,
MUS,1969,0.0,
MUS,1970,0.0,
MUS,1971,0.0,
MUS,1972,0.0,
MUS,1973,0.0,
MUS,1974,0.0,
MUS,1975,0.0,
MUS,1976,0.0,
MUS,1977,0.0,
MUS,1978,0.0,
MUS,1979,0.0,
MUS,1980,0.0,
MUS,1981,0.0,
MUS,1982,0.0,
MUS,1983,0.0,
MUS,1984,0.0,
MUS,1985,0.0,
MUS,1986,0.0,
MUS,1987,0.0,
MUS,1988,10.0,inf
MUS,1989,10.0,0.0
MUS,1990,10.0,0.0
MUS,1991,10.0,0.0
MUS,1992,10.0,0.0
MUS,1993,40.0,1.3862943611198904
MUS,1994,30.0,-0.2876820724517808
MUS,1995,60.0,0.693147180559945
MUS,1996,70.0,0.15415067982725894
MUS,1997,60.0,-0.15415067982725894
MUS,1998,40.0,-0.40546510810816416
MUS,1999,40.0,0.0
MUS,2000,40.0,0.0
MUS,2001,30.0,-0.2876820724517808
MUS,2002,20.0,-0.4054651081081646
MUS,2003,20.0,0.0
MUS,2004,10.0,-0.693147180559945
MUS,2005,20.0,0.693147180559945
MUS,2006,20.0,0.0
MUS,2007,10.0,-0.693147180559945
MUS,2008,60.0,1.7917594692280545
MUS,2009,100.0,0.5108256237659914
MUS,2010,60.0,-0.5108256237659914
MUS,2011,70.0,0.15415067982725894
MUS,2012,70.0,0.0
MUS,2013,80.0,0.13353139262452185
MUS,2014,70.0,-0.13353139262452185
MUS,2015,0.0,-inf
MUS,2016,0.0,
MUS,2017,0.0,
MUS,2018,0.0,
MUS,2019,0.0,
MUS,2020,0.0,
MWI,1961,14300.0,
MWI,1962,19500.0,0.31015492830383984
MWI,1963,21700.0,0.10689779497671204
MWI,1964,21200.0,-0.02331107886844741
MWI,1965,33900.0,0.4694138327084385
MWI,1966,32500.0,-0.04217492505071263
MWI,1967,29300.0,-0.10365257331267053
MWI,1968,32900.0,0.11588514174830422
MWI,1969,38200.0,0.1493628578412043
MWI,1970,47000.0,0.20731208609752905
MWI,1971,60000.0,0.24419696051204198
MWI,1972,70000.0,0.15415067982725716
MWI,1973,69300.0,-0.010050335853501124
MWI,1974,70280.0,0.014042357123038585
MWI,1975,70990.0,0.010051758732398497
MWI,1976,74900.0,0.05361486847187891
MWI,1977,68200.0,-0.0937093256737569
MWI,1978,67800.0,-0.00588236990306612
MWI,1979,60000.0,-0.12221763272424901
MWI,1980,65760.0,0.09166718852582356
MWI,1981,51390.0,-0.24656814974378705
MWI,1982,58430.0,0.1283858555622075
MWI,1983,67000.0,0.1368631628246213
MWI,1984,65059.996,-0.02938275982747207
MWI,1985,62070.0,-0.04704707913793271
MWI,1986,72850.0,0.16013975221565246
MWI,1987,88590.0,0.19561645178272613
MWI,1988,78810.0,-0.11697909205838286
MWI,1989,70770.0,-0.10760471027786345
MWI,1990,74090.0,0.04584538834087226
MWI,1991,63730.0,-0.15062516110236324
MWI,1992,69480.0,0.08638353204670146
MWI,1993,68200.0,-0.018594376523488165
MWI,1994,58800.0,-0.14830270994483463
MWI,1995,53880.0,-0.08738250336241826
MWI,1996,63810.0,0.169150566338093
MWI,1997,56570.0,-0.12043110852519234
MWI,1998,41340.0,-0.313648255101441
MWI,1999,45980.0,0.106375965081412
MWI,2000,50530.0,0.0943606999687816
MWI,2001,41190.0,-0.20437171085582762
MWI,2002,41970.0,0.018759568897509737
MWI,2003,54210.0,0.25591031592674796
MWI,2004,57200.0,0.05368850511350587
MWI,2005,60410.0,0.05460075576489665
MWI,2006,74290.0,0.2068216990130658
MWI,2007,68000.0,-0.08846864798760912
MWI,2008,71720.0,0.05326194356082681
MWI,2009,70950.0,-0.010794245130881563
MWI,2010,100930.0,0.3524518036447173
MWI,2011,85250.0,-0.16883909108714157
MWI,2012,128619.99,0.411274126794682
MWI,2013,115950.0,-0.10370317925676886
MWI,2014,120870.0,0.04155652416982569
MWI,2015,146620.0,0.19312861792407432
MWI,2016,160500.0,0.0904497367746302
MWI,2017,211670.0,0.27673451556200845
MWI,2018,230860.0,0.08678300805468808
MWI,2019,163180.0,-0.3469575801861122
MWI,2020,163180.0,0.0
MYS,1961,3830.0,
MYS,1962,3890.0,0.015544354437800223
MYS,1963,4440.0,0.13224521881377882
MYS,1964,5400.0,0.19574457712609572
MYS,1965,5910.0,0.09024687784777718
MYS,1966,6610.0,0.11193782244558825
MYS,1967,6710.0,0.015015297119996163
MYS,1968,7210.0,0.0718700003132664
MYS,1969,7500.0,0.0394340692454076
MYS,1970,8000.0,0.06453852113757108
MYS,1971,10090.0,0.2321032926856823
MYS,1972,10880.0,0.07538140706227914
MYS,1973,10970.0,0.008238032859342326
MYS,1974,10000.0,-0.09257918129309317
MYS,1975,10110.0,0.010939940038333873
MYS,1976,9270.0,-0.0867416534546166
MYS,1977,8670.0,-0.06691458878531265
MYS,1978,10300.0,0.17227510444313943
MYS,1979,12310.0,0.1782680449607721
MYS,1980,10740.0,-0.13643685111564352
MYS,1981,18770.0,0.5582847615176991
MYS,1982,11080.0,-0.5271181692792801
MYS,1983,12680.0,0.13488426768994088
MYS,1984,13090.0,0.03182263091273008
MYS,1985,22070.0,0.5223706403468356
MYS,1986,21810.0,-0.01185064005510661
MYS,1987,12380.0,-0.5662863129570876
MYS,1988,20230.0,0.4910843839232033
MYS,1989,21530.0,0.0622806601966186
MYS,1990,25120.0,0.1542170302237249
MYS,1991,27340.0,0.08468648969580705
MYS,1992,33580.0,0.20557982035358968
MYS,1993,34760.0,0.03453664874779783
MYS,1994,40420.0,0.1508574115782828
MYS,1995,40250.0,-0.004214708110902521
MYS,1996,50120.0,0.21931012616329504
MYS,1997,57200.0,0.13213376835788537
MYS,1998,57850.0,0.01129955525393278
MYS,1999,63080.0,0.08655030845515199
MYS,2000,75610.0,0.18118478747534184
MYS,2001,69820.0,-0.07966804789328918
MYS,2002,69920.0,0.0014312296703895555
MYS,2003,74110.0,0.05819874461598751
MYS,2004,81620.0,0.0965238540143929
MYS,2005,93680.0,0.13781038931180234
MYS,2006,100140.0,0.0666844876123367
MYS,2007,109260.0,0.0871611560657719
MYS,2008,133520.0,0.200520916386008
MYS,2009,188630.0,0.34553614500405416
MYS,2010,196740.0,0.042095635726978387
MYS,2011,164370.0,-0.1797630758661768
MYS,2012,210990.0,0.24969075476960256
MYS,2013,183530.0,-0.139432597117656
MYS,2014,182780.0,-0.004094898026325566
MYS,2015,183870.0,0.005945742321694425
MYS,2016,159280.0,-0.14356532640981
MYS,2017,172610.0,0.08037105464265792
MYS,2018,167220.0,-0.0317244036766855
MYS,2019,165330.0,-0.011366834158659245
MYS,2020,165330.0,0.0
NAM,1961,0.0,
NAM,1962,0.0,
NAM,1963,0.0,
NAM,1964,0.0,
NAM,1965,0.0,
NAM,1966,0.0,
NAM,1967,0.0,
NAM,1968,0.0,
NAM,1969,0.0,
NAM,1970,0.0,
NAM,1971,0.0,
NAM,1972,0.0,
NAM,1973,0.0,
NAM,1974,50.0,inf
NAM,1975,50.0,0.0
NAM,1976,50.0,0.0
NAM,1977,50.0,0.0
NAM,1978,50.0,0.0
NAM,1979,50.0,0.0
NAM,1980,50.0,0.0
NAM,1981,50.0,0.0
NAM,1982,50.0,0.0
NAM,1983,100.0,0.6931471805599458
NAM,1984,400.0,1.38629436111989
NAM,1985,700.0,0.5596157879354227
NAM,1986,920.0,0.273293334999682
NAM,1987,950.0,0.0320883145515003
NAM,1988,980.0,0.03109058707003065
NAM,1989,1010.0,0.030153038170687374
NAM,1990,1040.0,0.029270382300113695
NAM,1991,1070.0,0.028437935320533292
NAM,1992,1100.0,0.027651531330509904
NAM,1993,1200.0,0.08701137698963013
NAM,1994,1200.0,0.0
NAM,1995,1210.0,0.008298802814694639
NAM,1996,1210.0,0.0
NAM,1997,1510.0,0.22148929121818384
NAM,1998,1510.0,0.0
NAM,1999,1510.0,0.0
NAM,2000,1510.0,0.0
NAM,2001,2010.0,0.28602507124415144
NAM,2002,2020.0,0.00496278934212846
NAM,2003,2520.0,0.22116139011021918
NAM,2004,2520.0,0.0
NAM,2005,2820.0,0.11247798342668958
NAM,2006,2820.0,0.0
NAM,2007,2820.0,0.0
NAM,2008,2820.0,0.0
NAM,2009,2820.0,0.0
NAM,2010,2850.0,0.010582109330536937
NAM,2011,2890.0,0.013937507843782448
NAM,2012,2900.0,0.003454234868087269
NAM,2013,2950.0,0.01709443335929972
NAM,2014,2870.0,-0.027493140580198805
NAM,2015,2860.0,-0.0034904049397681547
NAM,2016,2850.0,-0.003502630551202479
NAM,2017,2860.0,0.003502630551202479
NAM,2018,2860.0,0.0
NAM,2019,2860.0,0.0
NAM,2020,2860.0,0.0
NCL,1961,,
NCL,1962,,
NCL,1963,,
NCL,1964,,
NCL,1965,,
NCL,1966,,
NCL,1967,,
NCL,1968,,
NCL,1969,,
NCL,1970,,
NCL,1971,,
NCL,1972,,
NCL,1973,,
NCL,1974,,
NCL,1975,,
NCL,1976,,
NCL,1977,,
NCL,1978,,
NCL,1979,,
NCL,1980,,
NCL,1981,,
NCL,1982,,
NCL,1983,,
NCL,1984,,
NCL,1985,,
NCL,1986,,
NCL,1987,,
NCL,1988,,
NCL,1989,,
NCL,1990,,
NCL,1991,,
NCL,1992,,
NCL,1993,,
NCL,1994,,
NCL,1995,,
NCL,1996,,
NCL,1997,,
NCL,1998,,
NCL,1999,,
NCL,2000,,
NCL,2001,,
NCL,2002,,
NCL,2003,,
NCL,2004,,
NCL,2005,,
NCL,2006,,
NCL,2007,,
NCL,2008,,
NCL,2009,,
NCL,2010,,
NCL,2011,,
NCL,2012,,
NCL,2013,,
NCL,2014,,
NCL,2015,,
NCL,2016,,
NCL,2017,,
NCL,2018,,
NCL,2019,,
NCL,2020,,
NER,1961,4200.0,
NER,1962,6000.0,0.35667494393873156
NER,1963,9000.0,0.4054651081081655
NER,1964,6300.0,-0.35667494393873334
NER,1965,5000.0,-0.23111172096338528
NER,1966,5000.0,0.0
NER,1967,3700.0,-0.3011050927839225
NER,1968,4300.0,0.15028220304933804
NER,1969,3000.0,-0.3600027340314078
NER,1970,2400.0,-0.22314355131420882
NER,1971,5400.0,0.8109302162163292
NER,1972,16400.0,1.1108823812599233
NER,1973,16200.001,-0.012270030863421155
NER,1974,15050.0,-0.0736333127718467
NER,1975,9140.0,-0.4987176057288263
NER,1976,4710.0,-0.6629724774377319
NER,1977,7370.0,0.4477297981729187
NER,1978,8780.0,0.17505870144577962
NER,1979,8930.0,0.01693998724138268
NER,1980,8890.0,-0.004489345362594932
NER,1981,8210.0,-0.07957412606147507
NER,1982,6840.0,-0.18256519182987851
NER,1983,3250.0,-0.7441327352928138
NER,1984,3000.0,-0.08004270767353638
NER,1985,2000.0,-0.4054651081081637
NER,1986,2350.0,0.16126814759612262
NER,1987,2280.0,-0.030239885189718763
NER,1988,2500.0,0.09211528890780585
NER,1989,4740.0,0.63974640383283
NER,1990,3350.0,-0.34707678987001067
NER,1991,3150.0,-0.06155789299943315
NER,1992,2460.0,-0.24724110289326973
NER,1993,2110.0,-0.15347340245629582
NER,1994,2330.0,0.09918032008963351
NER,1995,3540.0,0.41825845956807406
NER,1996,4170.0,0.16378930866502728
NER,1997,6340.0,0.4189627326384251
NER,1998,7030.0,0.10330793737343846
NER,1999,11010.0,0.4486172449120147
NER,2000,16270.0,0.3905189704963572
NER,2001,20820.0,0.24659114195587684
NER,2002,23600.0,0.1253326488447417
NER,2003,55900.0,0.8623176681294886
NER,2004,51510.0,-0.08178841658355829
NER,2005,50060.0,-0.028553677573865954
NER,2006,29880.0,-0.5160329257390117
NER,2007,29770.0,-0.003688185236931929
NER,2008,30000.0,0.00769620663447057
NER,2009,29950.0,-0.0016680571006979505
NER,2010,40070.0,0.2910986000865954
NER,2011,53260.0,0.28455765573773384
NER,2012,46600.0,-0.13358503925418752
NER,2013,45200.0,-0.030503454293413057
NER,2014,47330.0,0.046047257079969484
NER,2015,27300.0,-0.5502576417272422
NER,2016,34890.0,0.2453135530077688
NER,2017,34930.0,0.0011458036200586719
NER,2018,34930.0,0.0
NER,2019,34930.0,0.0
NER,2020,34930.0,0.0
NGA,1961,25010.0,
NGA,1962,30030.0,0.182921137105712
NGA,1963,30050.0,0.0006657789859776386
NGA,1964,30070.0,0.00066533601922103
NGA,1965,40080.0,0.28734945977617166
NGA,1966,50100.0,0.22314355131420882
NGA,1967,52620.0,0.04907526752132796
NGA,1968,53130.0,0.009645464850706276
NGA,1969,54950.0,0.03368194038677785
NGA,1970,76300.0,0.32824925744078115
NGA,1971,104700.0,0.3164261795860792
NGA,1972,106400.0,0.016106459031053788
NGA,1973,107000.0,0.005623257554361771
NGA,1974,112730.0,0.0521667445945333
NGA,1975,113000.0,0.002392239655900852
NGA,1976,114960.0,0.01719642305842939
NGA,1977,115620.0,0.005724709883560664
NGA,1978,116110.0,0.004229065984583613
NGA,1979,117690.0,0.013516031250656368
NGA,1980,113320.0,-0.03783837392725431
NGA,1981,111560.0,-0.015653112203027675
NGA,1982,113980.0,0.02146043164756506
NGA,1983,116980.0,0.025979985608026723
NGA,1984,110430.0,-0.05762114395584028
NGA,1985,87760.0,-0.229776020092066
NGA,1986,107080.0,0.19897040268517685
NGA,1987,103560.0,-0.0334250637688136
NGA,1988,110570.0,0.0654976496709736
NGA,1989,115100.0,0.040152511173525696
NGA,1990,98680.0,-0.15391902406668123
NGA,1991,91560.0,-0.0748877965767889
NGA,1992,109360.0,0.17765069733132677
NGA,1993,111820.0,0.022245243182805297
NGA,1994,117700.0,0.05124857866773169
NGA,1995,133390.0,0.12513815388672178
NGA,1996,109010.0,-0.2018375470126852
NGA,1997,117940.0,0.07873639943209199
NGA,1998,159480.0,0.30174250194079555
NGA,1999,161130.0,0.01029297007232266
NGA,2000,158030.0,-0.01942660416446529
NGA,2001,178570.0,0.1221957927880215
NGA,2002,217910.0,0.19910145229979648
NGA,2003,205650.0,-0.0579064388323971
NGA,2004,226210.0,0.0952880766933113
NGA,2005,294410.0,0.26350958229940247
NGA,2006,307970.0,0.045029021963085114
NGA,2007,312190.0,0.013609601186585607
NGA,2008,447620.0,0.36033268137316554
NGA,2009,438570.0,-0.020425224000348408
NGA,2010,493920.0,0.11885412656221561
NGA,2011,522409.97,0.05607910201859845
NGA,2012,565910.0,0.07998239218650127
NGA,2013,618210.0,0.08839315060306063
NGA,2014,667700.0,0.07701076530181261
NGA,2015,654600.0,-0.019814608796743016
NGA,2016,684360.0,0.04445973288936855
NGA,2017,716150.0,0.04540554726942503
NGA,2018,683420.0,-0.046780037535388175
NGA,2019,662790.0,-0.030651406759439226
NGA,2020,662790.0,0.0
NIC,1961,600.0,
NIC,1962,600.0,0.0
NIC,1963,900.0,0.4054651081081646
NIC,1964,900.0,0.0
NIC,1965,1100.0,0.20067069546215066
NIC,1966,1200.0,0.08701137698963013
NIC,1967,1300.0,0.08004270767353638
NIC,1968,1300.0,0.0
NIC,1969,1200.0,-0.08004270767353638
NIC,1970,1300.0,0.08004270767353638
NIC,1971,1300.0,0.0
NIC,1972,1200.0,-0.08004270767353638
NIC,1973,2600.0,0.7731898882334818
NIC,1974,460.0,-1.7320402345264325
NIC,1975,360.0,-0.24512245803298516
NIC,1976,460.0,0.24512245803298516
NIC,1977,390.0,-0.16507975035944877
NIC,1978,180.0,-0.7731898882334818
NIC,1979,130.0,-0.3254224004346282
NIC,1980,80.0,-0.485507815781701
NIC,1981,190.0,0.864997437486605
NIC,1982,490.0,0.9473813189441858
NIC,1983,380.0,-0.25423413838424036
NIC,1984,120.0,-1.1526795099383857
NIC,1985,90.0,-0.2876820724517808
NIC,1986,60.0,-0.4054651081081646
NIC,1987,170.0,1.0414538748281617
NIC,1988,120.0,-0.34830669426821625
NIC,1989,120.0,0.0
NIC,1990,150.0,0.2231435513142097
NIC,1991,260.0,0.5500463369192721
NIC,1992,350.0,0.2972515234679314
NIC,1993,550.0,0.4519851237430572
NIC,1994,830.0,0.4115074225641271
NIC,1995,540.0,-0.42985656123232285
NIC,1996,650.0,0.18540322333136228
NIC,1997,600.0,-0.08004270767353638
NIC,1998,450.0,-0.2876820724517808
NIC,1999,420.0,-0.06899287148695166
NIC,2000,440.0,0.04652001563489261
NIC,2001,420.0,-0.04652001563489261
NIC,2002,300.0,-0.33647223662121295
NIC,2003,270.0,-0.10536051565782589
NIC,2004,750.0,1.021651247531981
NIC,2005,1340.0,0.580351686414601
NIC,2006,680.0,-0.678332094774805
NIC,2007,1200.0,0.5679840376059397
NIC,2008,2330.0,0.6635467107836543
NIC,2009,2390.0,0.025425098365809973
NIC,2010,1270.0,-0.6322764654729189
NIC,2011,920.0,-0.3223985094095507
NIC,2012,620.0,-0.3946541920039488
NIC,2013,720.0,0.14953173397096364
NIC,2014,890.0,0.21197025071608433
NIC,2015,580.0,-0.42819335918572055
NIC,2016,410.0,-0.34687094384211115
NIC,2017,480.0,0.15762894420358275
NIC,2018,480.0,0.0
NIC,2019,480.0,0.0
NIC,2020,480.0,0.0
NLD,1961,13700.0,
NLD,1962,10600.0,-0.25654183171605816
NLD,1963,10600.0,0.0
NLD,1964,13800.0,0.26381459104513816
NLD,1965,14200.0,0.028573372444055778
NLD,1966,16500.0,0.15011841629931943
NLD,1967,16000.0,-0.0307716586667528
NLD,1968,10600.0,-0.41173472112176057
NLD,1969,9100.0,-0.15257958759521628
NLD,1970,2500.0,-1.2919836816486496
NLD,1971,3400.0,0.30748469974796055
NLD,1972,2800.0,-0.19415601444095731
NLD,1973,3500.0,0.2231435513142097
NLD,1974,3710.0,0.058268908123976004
NLD,1975,4920.0,0.2822766538848729
NLD,1976,3420.0,-0.3636679794297031
NLD,1977,3640.0,0.062343130574134875
NLD,1978,2170.0,-0.5172565140962799
NLD,1979,2520.0,0.14953173397096364
NLD,1980,2400.0,-0.04879016416943216
NLD,1981,2350.0,-0.021053409197832273
NLD,1982,5010.0,0.7570205869407056
NLD,1983,4620.0,-0.0810412100031268
NLD,1984,4020.0,-0.1391128024627175
NLD,1985,4110.0,0.022141125877213952
NLD,1986,4770.0,0.14892327639210734
NLD,1987,5720.0,0.18162250049145534
NLD,1988,6170.0,0.07573003252559118
NLD,1989,4840.0,-0.2427841171887568
NLD,1990,3970.0,-0.1981486260294414
NLD,1991,4930.0,0.2165728933555009
NLD,1992,3630.0,-0.3061063397778394
NLD,1993,4000.0,0.09706171284313037
NLD,1994,4890.0,0.20089794236688974
NLD,1995,6900.0,0.34432910811643325
NLD,1996,6450.0,-0.06744128079553313
NLD,1997,6030.0,-0.06733312006858583
NLD,1998,5750.0,-0.04754715592983594
NLD,1999,7130.0,0.21511137961694615
NLD,2000,8690.0,0.19786170485109622
NLD,2001,7840.0,-0.10293410491498456
NLD,2002,8940.0,0.1312967548231061
NLD,2003,9870.0,0.0989642642599673
NLD,2004,10620.0,0.07323916236840233
NLD,2005,10870.0,0.023267685319325437
NLD,2006,13130.0,0.1888929871815872
NLD,2007,11670.0,-0.11787824201624097
NLD,2008,10840.0,-0.07377845028696406
NLD,2009,10190.0,-0.06183614877686594
NLD,2010,8930.0,-0.1319904523462263
NLD,2011,6290.0,-0.3504553241760586
NLD,2012,5540.0,-0.12696656995315614
NLD,2013,8390.0,0.41504601971992194
NLD,2014,7490.0,-0.11347172294998664
NLD,2015,7220.0,-0.03671384462439242
NLD,2016,7210.0,-0.0013860016078783843
NLD,2017,6730.0,-0.06889380764022057
NLD,2018,7970.0,0.16910934914548648
NLD,2019,6730.0,-0.16910934914548648
NLD,2020,6730.0,0.0
NOR,1961,2700.0,
NOR,1962,2300.0,-0.16034265007517856
NOR,1963,2400.0,0.04255961441879563
NOR,1964,2900.0,0.1892419996385284
NOR,1965,2400.0,-0.1892419996385284
NOR,1966,2300.0,-0.04255961441879563
NOR,1967,2590.0,0.11874875277634178
NOR,1968,2690.0,0.037883317902301705
NOR,1969,2420.0,-0.10577365344515322
NOR,1970,2230.0,-0.081765954696567
NOR,1971,2660.0,0.17632453732158027
NOR,1972,3440.0,0.2571453485916999
NOR,1973,3910.0,0.12806590261196682
NOR,1974,4720.0,0.18827142560019006
NOR,1975,4930.0,0.043530188457134855
NOR,1976,5430.0,0.09660014589124444
NOR,1977,5850.0,0.07450252729792162
NOR,1978,7120.0,0.19646606418011814
NOR,1979,9650.0,0.30405018992701116
NOR,1980,10270.0,0.06226910858957169
NOR,1981,15130.0,0.387452503859798
NOR,1982,17140.0,0.12473538536936957
NOR,1983,24670.0,0.36417301737163044
NOR,1984,27060.0,0.09246869220137732
NOR,1985,36680.0,0.3041750246456214
NOR,1986,50340.0,0.31656834231890585
NOR,1987,57000.0,0.12425127812738168
NOR,1988,89750.0,0.45397675953383754
NOR,1989,121900.0,0.3061730091188366
NOR,1990,151180.0,0.21527014337680583
NOR,1991,161980.0,0.06900169095681363
NOR,1992,132340.0,-0.2020985022369306
NOR,1993,165490.0,0.2235364014469372
NOR,1994,218660.0,0.2786072419754877
NOR,1995,277900.0,0.23974332474211835
NOR,1996,321970.0,0.14719703675370788
NOR,1997,367540.0,0.13237378276511258
NOR,1998,410710.0,0.11105521307180766
NOR,1999,475800.0,0.1471102285297725
NOR,2000,490630.0,0.030692681698688773
NOR,2001,509760.0,0.038249747154136315
NOR,2002,547800.0,0.07197023010729531
NOR,2003,580050.0,0.057204049892437325
NOR,2004,628710.0,0.08055579437854554
NOR,2005,647060.0,0.028768924804495555
NOR,2006,695060.0,0.0715591468692871
NOR,2007,823570.0,0.1696503762672208
NOR,2008,824910.0,0.0016257404337789438
NOR,2009,938430.0,0.128933976662978
NOR,2010,995440.0,0.05897658432965436
NOR,2011,1124450.0,0.1218644557371178
NOR,2012,1307830.0,0.15107524794693283
NOR,2013,1240690.0,-0.05270159870122981
NOR,2014,1328170.0,0.06813437844153292
NOR,2015,1377020.0,0.036119689059697535
NOR,2016,1322210.0,-0.04061716492822853
NOR,2017,1304140.0,-0.01376075933629295
NOR,2018,1304140.0,0.0
NOR,2019,1304140.0,0.0
NOR,2020,1304140.0,0.0
NPL,1961,1500.0,
NPL,1962,1500.0,0.0
NPL,1963,1500.0,0.0
NPL,1964,1600.0,0.06453852113757108
NPL,1965,1600.0,0.0
NPL,1966,1600.0,0.0
NPL,1967,1810.0,0.12332321603199858
NPL,1968,1820.0,0.00550965581096996
NPL,1969,1930.0,0.058683501828090456
NPL,1970,1900.0,-0.01566611674439944
NPL,1971,2100.0,0.10008345855698231
NPL,1972,2200.0,0.04652001563489261
NPL,1973,2200.0,0.0
NPL,1974,2200.0,0.0
NPL,1975,2500.0,0.12783337150988494
NPL,1976,2800.0,0.11332868530700324
NPL,1977,3000.0,0.06899287148695077
NPL,1978,3300.0,0.09531017980432566
NPL,1979,3500.0,0.058840500022933284
NPL,1980,3650.0,0.041964199099032484
NPL,1981,3870.0,0.058527339447289606
NPL,1982,4400.0,0.1283500338825263
NPL,1983,4700.0,0.06595796779179608
NPL,1984,4860.0,0.0334759291963902
NPL,1985,9080.0,0.6250357547008001
NPL,1986,9440.0,0.03888178754420757
NPL,1987,10720.0,0.12715517548524602
NPL,1988,12100.0,0.12109429696003993
NPL,1989,12520.0,0.03412191306925649
NPL,1990,14550.0,0.1502636279455487
NPL,1991,15600.0,0.06967992063798967
NPL,1992,16540.0,0.058510775340053556
NPL,1993,16950.0,0.024486144230914775
NPL,1994,17000.0,0.002945510229757531
NPL,1995,21150.0,0.2184265614360701
NPL,1996,21880.0,0.033933072061493874
NPL,1997,23210.0,0.05901024273256539
NPL,1998,24870.0,0.06907903752896694
NPL,1999,25780.0,0.03593673969572819
NPL,2000,31720.0,0.207348399255606
NPL,2001,33270.0,0.047708693263738056
NPL,2002,35000.0,0.050691971459027485
NPL,2003,36570.0,0.04388017067187633
NPL,2004,39950.0,0.08840044005099479
NPL,2005,42460.0,0.06093378406282568
NPL,2006,45430.0,0.06761022349620305
NPL,2007,46780.0,0.02928308138472069
NPL,2008,48750.0,0.041249436287822405
NPL,2009,48230.0,-0.010723963362975653
NPL,2010,49730.0,0.030627138645767715
NPL,2011,52450.0,0.05325196211565775
NPL,2012,56000.0,0.06549135589284383
NPL,2013,57520.0,0.026781022677642596
NPL,2014,64900.0,0.12071491029725223
NPL,2015,69500.0,0.06847912886070162
NPL,2016,70540.0,0.014853172237160095
NPL,2017,77160.0,0.0897012632296228
NPL,2018,86860.0,0.11841643906914712
NPL,2019,92250.0,0.06020465581396017
NPL,2020,92250.0,0.0
NRU,2019,0.0,
NRU,2020,0.0,
NZL,1961,100.0,
NZL,1962,100.0,0.0
NZL,1963,0.0,-inf
NZL,1964,100.0,inf
NZL,1965,100.0,0.0
NZL,1966,200.0,0.6931471805599445
NZL,1967,300.0,0.4054651081081646
NZL,1968,800.0,0.9808292530117262
NZL,1969,900.0,0.11778303565638382
NZL,1970,1400.0,0.44183275227903884
NZL,1971,1800.0,0.25131442828090655
NZL,1972,2400.0,0.2876820724517808
NZL,1973,1600.0,-0.4054651081081646
NZL,1974,1630.0,0.018576385572935727
NZL,1975,2640.0,0.48219890233955365
NZL,1976,2070.0,-0.24323030988094718
NZL,1977,1710.0,-0.1910552367627094
NZL,1978,2230.0,0.26550821495745947
NZL,1979,2300.0,0.03090753746307673
NZL,1980,2070.0,-0.10536051565782678
NZL,1981,1510.0,-0.3154389564504445
NZL,1982,1240.0,-0.19699827120988722
NZL,1983,1560.0,0.22957444164450003
NZL,1984,1880.0,0.18658595558041213
NZL,1985,2080.0,0.10109611687136866
NZL,1986,2170.0,0.04235927383914184
NZL,1987,2440.0,0.11727087175274153
NZL,1988,3030.0,0.21656458021616753
NZL,1989,3560.0,0.16119792534266075
NZL,1990,4510.0,0.23653660865064907
NZL,1991,4780.0,0.05814339298877691
NZL,1992,5170.0,0.07843214201697357
NZL,1993,5530.0,0.06731512701390585
NZL,1994,6460.0,0.15544150226026687
NZL,1995,7300.0,0.12224503035983503
NZL,1996,8000.0,0.09156719352549025
NZL,1997,5960.0,-0.2943710606025771
NZL,1998,7520.0,0.23249565688449003
NZL,1999,7270.0,-0.033809846416321676
NZL,2000,7610.0,0.04570688032816683
NZL,2001,9910.0,0.2640811764683022
NZL,2002,8230.0,-0.1857583336529185
NZL,2003,5920.0,-0.3294495657930643
NZL,2004,6210.0,0.047824447049473306
NZL,2005,8590.0,0.324437840050777
NZL,2006,8800.0,0.024152985487997825
NZL,2007,10430.0,0.16993454752851989
NZL,2008,9990.0,-0.04310167635221873
NZL,2009,13280.0,0.28467455138782505
NZL,2010,13800.0,0.038409448114871125
NZL,2011,15030.0,0.08537961160172358
NZL,2012,13470.0,-0.10958321334261001
NZL,2013,13340.0,-0.009697949934794892
NZL,2014,11760.0,-0.12606309801699744
NZL,2015,13310.0,0.12381168993653979
NZL,2016,13750.0,0.03252319170556106
NZL,2017,15710.0,0.13325862815494816
NZL,2018,17110.0,0.08536563563657218
NZL,2019,14650.0,-0.15522275244102524
NZL,2020,14650.0,0.0
OMN,1990,0.0,
OMN,1991,0.0,
OMN,1992,0.0,
OMN,1993,0.0,
OMN,1994,0.0,
OMN,1995,0.0,
OMN,1996,0.0,
OMN,1997,0.0,
OMN,1998,0.0,
OMN,1999,0.0,
OMN,2000,0.0,
OMN,2001,0.0,
OMN,2002,0.0,
OMN,2003,0.0,
OMN,2004,0.0,
OMN,2005,10.0,inf
OMN,2006,0.0,-inf
OMN,2007,0.0,
OMN,2008,0.0,
OMN,2009,0.0,
OMN,2010,0.0,
OMN,2011,0.0,
OMN,2012,0.0,
OMN,2013,0.0,
OMN,2014,10.0,inf
OMN,2015,20.0,0.693147180559945
OMN,2016,30.0,0.4054651081081646
OMN,2017,80.0,0.9808292530117257
OMN,2018,80.0,0.0
OMN,2019,80.0,0.0
OMN,2020,80.0,0.0
OWID_CZS,1961,10430.0,
OWID_CZS,1962,10420.0,-0.000959232687460343
OWID_CZS,1963,10090.0,-0.032182201959702894
OWID_CZS,1964,11070.0,0.09269391235502766
OWID_CZS,1965,11700.0,0.05535009508316513
OWID_CZS,1966,12220.0,0.04348511193973792
OWID_CZS,1967,12470.0,0.020251805948495516
OWID_CZS,1968,14340.0,0.139727075479529
OWID_CZS,1969,14630.0,0.020021379860558852
OWID_CZS,1970,14000.0,-0.04401688541677373
OWID_CZS,1971,14830.0,0.05759482653458292
OWID_CZS,1972,16379.999,0.0994088612250188
OWID_CZS,1973,16390.0,0.0006103753808783807
OWID_CZS,1974,16800.0,0.0247074936534748
OWID_CZS,1975,18050.0,0.07176679836967637
OWID_CZS,1976,18430.0,0.020834086902841165
OWID_CZS,1977,19010.0,0.030985384818606576
OWID_CZS,1978,18040.0,-0.052373641865859355
OWID_CZS,1979,17670.0,-0.020723228302873764
OWID_CZS,1980,16810.0,-0.04989433891108064
OWID_CZS,1981,17670.0,0.04989433891108064
OWID_CZS,1982,19080.0,0.07677237968853667
OWID_CZS,1983,20490.0,0.07129629623066691
OWID_CZS,1984,23190.0,0.12378418901663224
OWID_CZS,1985,23810.0,0.026384509231331066
OWID_CZS,1986,25530.0,0.06974857075462104
OWID_CZS,1987,25250.0,-0.011028075532022896
OWID_CZS,1988,25640.0,0.015327476331099987
OWID_CZS,1989,25230.0,-0.016119869399503273
OWID_CZS,1990,26630.0,0.05400463717287529
OWID_CZS,1991,26350.0,-0.010570124838469752
OWID_CZS,1992,28480.0,0.0777338115564028
OWID_ERE,1961,0.0,
OWID_ERE,1962,0.0,
OWID_ERE,1963,0.0,
OWID_ERE,1964,400.0,inf
OWID_ERE,1965,500.0,0.2231435513142097
OWID_ERE,1966,500.0,0.0
OWID_ERE,1967,500.0,0.0
OWID_ERE,1968,500.0,0.0
OWID_ERE,1969,500.0,0.0
OWID_ERE,1970,900.0,0.5877866649021195
OWID_ERE,1971,300.0,-1.09861228866811
OWID_ERE,1972,1000.0,1.203972804325936
OWID_ERE,1973,1000.0,0.0
OWID_ERE,1974,1000.0,0.0
OWID_ERE,1975,1500.0,0.4054651081081646
OWID_ERE,1976,2000.0,0.2876820724517808
OWID_ERE,1977,2300.0,0.13976194237515926
OWID_ERE,1978,2500.0,0.08338160893905044
OWID_ERE,1979,2800.0,0.11332868530700324
OWID_ERE,1980,3100.0,0.10178269430994202
OWID_ERE,1981,3500.0,0.12136085700426769
OWID_ERE,1982,3400.0,-0.028987536873252395
OWID_ERE,1983,3500.0,0.028987536873252395
OWID_ERE,1984,3700.0,0.055569851154810834
OWID_ERE,1985,3500.0,-0.055569851154810834
OWID_ERE,1986,3500.0,0.0
OWID_ERE,1987,3500.0,0.0
OWID_ERE,1988,3340.0,-0.046792161506758134
OWID_ERE,1989,2710.0,-0.2090221720969998
OWID_ERE,1990,3810.0,0.34068055424700017
OWID_ERE,1991,4150.0,0.08547914510399757
OWID_ERE,1992,4510.0,0.08318881927197985
OWID_MNS,1961,0.0,
OWID_MNS,1962,0.0,
OWID_MNS,1963,0.0,
OWID_MNS,1964,0.0,
OWID_MNS,1965,0.0,
OWID_MNS,1966,0.0,
OWID_MNS,1967,0.0,
OWID_MNS,1968,0.0,
OWID_MNS,1969,0.0,
OWID_MNS,1970,0.0,
OWID_MNS,1971,0.0,
OWID_MNS,1972,100.0,inf
OWID_MNS,1973,100.0,0.0
OWID_MNS,1974,60.0,-0.5108256237659914
OWID_MNS,1975,60.0,0.0
OWID_MNS,1976,60.0,0.0
OWID_MNS,1977,60.0,0.0
OWID_MNS,1978,80.0,0.2876820724517808
OWID_MNS,1979,120.0,0.4054651081081646
OWID_MNS,1980,200.0,0.5108256237659905
OWID_MNS,1981,120.0,-0.5108256237659905
OWID_MNS,1982,120.0,0.0
OWID_MNS,1983,120.0,0.0
OWID_MNS,1984,150.0,0.2231435513142097
OWID_MNS,1985,120.0,-0.2231435513142097
OWID_MNS,1986,100.0,-0.182321556793954
OWID_MNS,1987,340.0,1.2237754316221157
OWID_MNS,1988,90.0,-1.3291359472799424
OWID_MNS,1989,410.0,1.5163474893680888
OWID_MNS,1990,430.0,0.04762804898925399
OWID_MNS,1991,40.0,-2.3749057545736716
OWID_MNS,1992,100.0,0.9162907318741556
OWID_MNS,1993,100.0,0.0
OWID_MNS,1994,100.0,0.0
OWID_MNS,1995,100.0,0.0
OWID_MNS,1996,190.0,0.6418538861723944
OWID_MNS,1997,310.0,0.489548225318706
OWID_MNS,1998,550.0,0.573345980747324
OWID_MNS,1999,620.0,0.11980119981262138
OWID_MNS,2000,620.0,0.0
OWID_MNS,2001,570.0,-0.0840831172105414
OWID_MNS,2002,610.0,0.06782259633876109
OWID_MNS,2003,130.0,-1.545924506711775
OWID_MNS,2004,100.0,-0.2623642644674904
OWID_MNS,2005,110.0,0.09531017980432477
OWID_MNS,2006,520.0,1.5533484457830564
OWID_MNS,2007,410.0,-0.23767165187711914
OWID_MNS,2008,590.0,0.36396537720141087
OWID_MNS,2009,380.0,-0.43995128417933316
OWID_MNS,2010,13580.0,3.576182148392255
OWID_MNS,2011,13540.0,-0.002949854646420391
OWID_MNS,2012,13550.0,0.0007382798415811465
OWID_MNS,2013,13560.0,0.000737735186538302
OWID_MNS,2014,13590.0,0.002209945650804457
OWID_MNS,2015,13630.0,0.0029390175453887224
OWID_MNS,2016,13640.0,0.0007334067068747174
OWID_MNS,2017,13650.0,0.0007328692156516325
OWID_MNS,2018,13670.0,0.001464129104890688
OWID_MNS,2019,13700.0,0.00219218209822003
OWID_MNS,2020,13700.0,0.0
OWID_PYA,1961,0.0,
OWID_PYA,1962,0.0,
OWID_PYA,1963,0.0,
OWID_PYA,1964,0.0,
OWID_PYA,1965,0.0,
OWID_PYA,1966,0.0,
OWID_PYA,1967,0.0,
OWID_PYA,1968,0.0,
OWID_PYA,1969,0.0,
OWID_PYA,1970,0.0,
OWID_PYA,1971,0.0,
OWID_PYA,1972,0.0,
OWID_PYA,1973,0.0,
OWID_PYA,1974,0.0,
OWID_PYA,1975,0.0,
OWID_PYA,1976,0.0,
OWID_PYA,1977,0.0,
OWID_PYA,1978,0.0,
OWID_PYA,1979,0.0,
OWID_PYA,1980,0.0,
OWID_PYA,1981,0.0,
OWID_PYA,1982,0.0,
OWID_PYA,1983,0.0,
OWID_PYA,1984,0.0,
OWID_PYA,1985,0.0,
OWID_PYA,1986,0.0,
OWID_PYA,1987,0.0,
OWID_PYA,1988,0.0,
OWID_PYA,1989,0.0,
OWID_PYA,1990,0.0,
OWID_PYA,1991,0.0,
OWID_PYA,1992,0.0,
OWID_PYA,1993,10.0,inf
OWID_PYA,1994,0.0,-inf
OWID_PYA,1995,0.0,
OWID_PYA,1996,10.0,inf
OWID_PYA,1997,50.0,1.6094379124341
OWID_PYA,1998,50.0,0.0
OWID_PYA,1999,50.0,0.0
OWID_PYA,2000,60.0,0.18232155679395445
OWID_PYA,2001,70.0,0.15415067982725894
OWID_PYA,2002,70.0,0.0
OWID_PYA,2003,60.0,-0.15415067982725894
OWID_PYA,2004,50.0,-0.18232155679395445
OWID_PYA,2005,60.0,0.18232155679395445
OWID_PYA,2006,60.0,0.0
OWID_PYA,2007,60.0,0.0
OWID_PYA,2008,50.0,-0.18232155679395445
OWID_PYA,2009,60.0,0.18232155679395445
OWID_PYA,2010,60.0,0.0
OWID_PYA,2011,60.0,0.0
OWID_PYA,2012,60.0,0.0
OWID_PYA,2013,60.0,0.0
OWID_PYA,2014,60.0,0.0
OWID_PYA,2015,60.0,0.0
OWID_PYA,2016,60.0,0.0
OWID_PYA,2017,60.0,0.0
OWID_PYA,2018,60.0,0.0
OWID_PYA,2019,60.0,0.0
OWID_PYA,2020,60.0,0.0
OWID_SRM,1992,5110.0,
OWID_SRM,1993,3800.0,-0.29619833748327196
OWID_SRM,1994,3910.0,0.02853630726493428
OWID_SRM,1995,3470.0,-0.11938278003850655
OWID_SRM,1996,4100.0,0.16683237975149368
OWID_SRM,1997,4550.0,0.10414025925259729
OWID_SRM,1998,9160.0,0.6997189457231805
OWID_SRM,1999,5190.0,-0.5681124815082423
OWID_SRM,2000,4550.0,-0.13160646421493816
OWID_SRM,2001,4180.0,-0.08481598642619481
OWID_SRM,2002,4450.0,0.0625928496414847
OWID_SRM,2003,4500.0,0.01117330059812538
OWID_SRM,2004,6530.0,0.3723295465120646
OWID_SRM,2005,6540.0,0.0015302221807687033
OWID_USS,1961,905110.0,
OWID_USS,1962,922750.0,0.01930185863508882
OWID_USS,1963,746450.0,-0.2120297064105081
OWID_USS,1964,856310.0,0.1373038246145395
OWID_USS,1965,1031050.06,0.18570057752523894
OWID_USS,1966,982480.0,-0.0482530503372498
OWID_USS,1967,1043730.0,0.060476127002702995
OWID_USS,1968,953810.0,-0.09009162411739169
OWID_USS,1969,914050.0,-0.04257921563434586
OWID_USS,1970,1080400.0,0.16720134736536707
OWID_USS,1971,1141990.0,0.055441011691730324
OWID_USS,1972,1041750.0,-0.09187036330762766
OWID_USS,1973,1062580.0,0.019797921779195704
OWID_USS,1974,927510.0,-0.1359516159871319
OWID_USS,1975,1191160.0,0.25017932512775154
OWID_USS,1976,940590.0,-0.23617556327974754
OWID_USS,1977,994970.0,0.056205248007650255
OWID_USS,1978,948810.0,-0.04750401813335614
OWID_USS,1979,1043360.0,0.09499298582796634
OWID_USS,1980,993080.0,-0.049390328897185753
OWID_USS,1981,996780.0,0.003718858878736242
OWID_USS,1982,1034930.06,0.03755904491051609
OWID_USS,1983,1114520.0,0.07408996939488688
OWID_USS,1984,1064150.0,-0.0462474605230323
OWID_USS,1985,1186100.0,0.10849425562641812
OWID_USS,1986,1124880.0,-0.05299425075267017
OWID_USS,1987,1227710.0,0.08747428218343423
OWID_USS,1988,1123510.0,-0.08869293212365825
OWID_USS,1989,1254830.0,0.11054239188093185
OWID_USS,1990,1113070.0,-0.11987814184364964
OWID_USS,1991,1003240.0,-0.10388720088755221
OWID_WRL,1961,4744270.0,
OWID_WRL,1962,4882590.0,0.028738242706019435
OWID_WRL,1963,4828550.0,-0.011129601224540764
OWID_WRL,1964,5151760.0,0.06479218831206879
OWID_WRL,1965,5575300.0,0.07900772369152165
OWID_WRL,1966,5689260.0,0.0202340593989927
OWID_WRL,1967,5842880.0,0.026643639009657605
OWID_WRL,1968,6054610.0,0.035596139385578596
OWID_WRL,1969,6073260.0,0.003075563095745082
OWID_WRL,1970,6547840.0,0.07523969582082835
OWID_WRL,1971,6717670.0,0.02560614395277483
OWID_WRL,1972,6768880.0,0.007594269271086418
OWID_WRL,1973,7066940.0,0.04309193401487299
OWID_WRL,1974,7052050.0,-0.002109216809447645
OWID_WRL,1975,7271840.0,0.0306909997352367
OWID_WRL,1976,7032320.0,-0.033492688828298256
OWID_WRL,1977,7322130.0,0.04038460364765051
OWID_WRL,1978,7299160.0,-0.0031419962119496603
OWID_WRL,1979,7546690.0,0.03334978349457529
OWID_WRL,1980,7947150.0,0.051704317292214697
OWID_WRL,1981,8576230.0,0.07618104917157531
OWID_WRL,1982,8883890.0,0.03524510114685597
OWID_WRL,1983,9634240.0,0.08108389552301709
OWID_WRL,1984,10252510.0,0.062199133986915456
OWID_WRL,1985,11149460.0,0.08386851258459771
OWID_WRL,1986,12056260.0,0.07819296087680527
OWID_WRL,1987,12944690.0,0.07110163832982508
OWID_WRL,1988,13619840.0,0.05084188777542309
OWID_WRL,1989,14411490.0,0.0564982518602406
OWID_WRL,1990,15084740.0,0.04565783171556603
OWID_WRL,1991,15304020.0,0.014431902187059364
OWID_WRL,1992,15856040.0,0.0354349613038103
OWID_WRL,1993,17595730.0,0.10410575868350236
OWID_WRL,1994,19438320.0,0.09959011657251082
OWID_WRL,1995,21929660.0,0.12059368288883832
OWID_WRL,1996,23827090.0,0.08298311023925109
OWID_WRL,1997,24597740.0,0.031831400126424825
OWID_WRL,1998,25337940.0,0.029648308392896894
OWID_WRL,1999,27241630.0,0.07244344077168208
OWID_WRL,2000,28066270.0,0.029822181499774558
OWID_WRL,2001,29311180.0,0.04340051374591525
OWID_WRL,2002,30066050.0,0.02542761500272306
OWID_WRL,2003,31558420.0,0.04844380314079544
OWID_WRL,2004,33712120.0,0.06601698526575461
OWID_WRL,2005,36117510.0,0.0689203726765939
OWID_WRL,2006,38154828.0,0.054874513507794376
OWID_WRL,2007,40118692.0,0.05019005756560446
OWID_WRL,2008,42449910.0,0.05648243224491267
OWID_WRL,2009,44828550.0,0.05452042061826745
OWID_WRL,2010,46946412.0,0.046161567776710655
OWID_WRL,2011,48375220.0,0.02998091813448056
OWID_WRL,2012,51361120.0,0.059893766854298036
OWID_WRL,2013,54263732.0,0.05497461881642707
OWID_WRL,2014,56267440.0,0.03625995266117954
OWID_WRL,2015,58111400.0,0.03224582056052938
OWID_WRL,2016,60200610.0,0.03532062711814632
OWID_WRL,2017,62664140.0,0.04010686904626226
OWID_WRL,2018,63861520.0,0.01892763487032667
OWID_WRL,2019,65494670.0,0.02525177621396324
OWID_WRL,2020,65494670.0,0.0
OWID_YGS,1961,13080.0,
OWID_YGS,1962,12090.0,-0.07870568140235257
OWID_YGS,1963,13290.0,0.09463320809845399
OWID_YGS,1964,13200.0,-0.006795043132829193
OWID_YGS,1965,16139.999,0.20108377129160715
OWID_YGS,1966,18470.0,0.13484719332721617
OWID_YGS,1967,18160.0,-0.016926421038000683
OWID_YGS,1968,15210.0,-0.17726826690194564
OWID_YGS,1969,17140.0,0.11946180689843189
OWID_YGS,1970,19770.0,0.1427507240128918
OWID_YGS,1971,18660.0,-0.057783441763328725
OWID_YGS,1972,19010.0,0.018582961081140326
OWID_YGS,1973,20730.0,0.08661676994735146
OWID_YGS,1974,24260.0,0.15724697706821544
OWID_YGS,1975,24620.0,0.014730217240403576
OWID_YGS,1976,24260.0,-0.014730217240403576
OWID_YGS,1977,25910.0,0.06580009105811335
OWID_YGS,1978,25750.0,-0.006194367464273043
OWID_YGS,1979,22740.0,-0.12430913878735517
OWID_YGS,1980,23630.0,0.038391602876426845
OWID_YGS,1981,27430.0,0.14912021375069529
OWID_YGS,1982,26460.0,-0.0360031462627024
OWID_YGS,1983,26720.0,0.00977818998163471
OWID_YGS,1984,25240.0,-0.05698231099543172
OWID_YGS,1985,25940.0,0.027356141215285845
OWID_YGS,1986,26370.0,0.016440821476896517
OWID_YGS,1987,25470.0,-0.03472571137382907
OWID_YGS,1988,26770.0,0.0497805685408963
OWID_YGS,1989,25440.0,-0.050959119060340896
OWID_YGS,1990,24460.0,-0.03928360821289445
OWID_YGS,1991,12210.0,-0.6947838421364132
PAK,1961,29400.0,
PAK,1962,24500.0,-0.1823215567939549
PAK,1963,26000.0,0.05942342047080018
PAK,1964,27300.0,0.04879016416943216
PAK,1965,28100.0,0.02888287414878654
PAK,1966,30100.0,0.06875559541512999
PAK,1967,29800.0,-0.010016778243471691
PAK,1968,36200.0,0.19455072532036688
PAK,1969,38100.0,0.05115516330092973
PAK,1970,40000.0,0.04866517198128051
PAK,1971,38100.0,-0.04866517198128051
PAK,1972,37700.0,-0.01055418767868943
PAK,1973,39300.0,0.04156442442124941
PAK,1974,35850.0,-0.09188095182958556
PAK,1975,37290.0,0.039381627145099074
PAK,1976,38620.0,0.03504508280964025
PAK,1977,42950.0,0.10626637142989637
PAK,1978,40680.0,-0.0543000772499056
PAK,1979,50280.0,0.2118708125416866
PAK,1980,51200.0,0.018132148323415365
PAK,1981,62130.0,0.19348943203014102
PAK,1982,68190.0,0.09306896245695917
PAK,1983,62780.0,-0.08266137511875371
PAK,1984,73000.0,0.1508228897345827
PAK,1985,78730.0,0.07556483604798458
PAK,1986,86570.0,0.09492905803130647
PAK,1987,93970.0,0.08202224716729134
PAK,1988,98490.0,0.04697943778663749
PAK,1989,106210.0,0.07546324615183764
PAK,1990,114410.0,0.07437022137940374
PAK,1991,117020.0,0.02255637264723731
PAK,1992,122710.0,0.047478987628366554
PAK,1993,123540.0,0.006741142279297563
PAK,1994,134180.0,0.0826171918669889
PAK,1995,136870.0,0.019849388088433173
PAK,1996,156370.0,0.1331934236322443
PAK,1997,183740.0,0.1612967209879006
PAK,1998,181630.0,-0.011550064081967903
PAK,1999,203570.0,0.11403827531760236
PAK,2000,189060.0,-0.07394550108171671
PAK,2001,180270.0,-0.04760869798329104
PAK,2002,181100.0,0.004593637875419887
PAK,2003,165930.0,-0.08748335221467052
PAK,2004,170420.0,0.026699965725113017
PAK,2005,175380.0,0.028689069951399304
PAK,2006,261940.0,0.4011604215500473
PAK,2007,230220.0,-0.1290800964143397
PAK,2008,243250.0,0.05505434757919758
PAK,2009,250540.0,0.02952886734993143
PAK,2010,255540.0,0.01976036474713183
PAK,2011,260310.0,0.01849427531033143
PAK,2012,263090.0,0.01062295048856221
PAK,2013,271290.0,0.030692180458427032
PAK,2014,276870.0,0.020359722525096657
PAK,2015,283890.0,0.025038757242656473
PAK,2016,294310.0,0.036046794406967564
PAK,2017,297710.0,0.011486224725636873
PAK,2018,297710.0,0.0
PAK,2019,297710.0,0.0
PAK,2020,297710.0,0.0
PAN,1961,0.0,
PAN,1962,0.0,
PAN,1963,0.0,
PAN,1964,0.0,
PAN,1965,0.0,
PAN,1966,0.0,
PAN,1967,0.0,
PAN,1968,0.0,
PAN,1969,0.0,
PAN,1970,0.0,
PAN,1971,0.0,
PAN,1972,0.0,
PAN,1973,0.0,
PAN,1974,0.0,
PAN,1975,0.0,
PAN,1976,0.0,
PAN,1977,0.0,
PAN,1978,0.0,
PAN,1979,0.0,
PAN,1980,0.0,
PAN,1981,0.0,
PAN,1982,0.0,
PAN,1983,60.0,inf
PAN,1984,120.0,0.6931471805599454
PAN,1985,290.0,0.8823891801984738
PAN,1986,650.0,0.8070914399091631
PAN,1987,860.0,0.27996002635787054
PAN,1988,690.0,-0.22024079165624855
PAN,1989,200.0,-1.2383742310432684
PAN,1990,320.0,0.4700036292457357
PAN,1991,330.0,0.030771658666753687
PAN,1992,250.0,-0.27763173659827967
PAN,1993,220.0,-0.12783337150988405
PAN,1994,450.0,0.7156200364120036
PAN,1995,450.0,0.0
PAN,1996,260.0,-0.5485659517488379
PAN,1997,260.0,0.0
PAN,1998,110.0,-0.860201265223111
PAN,1999,670.0,1.806797346592595
PAN,2000,920.0,0.31709595765807475
PAN,2001,1200.0,0.26570316573300534
PAN,2002,520.0,-0.8362480242006187
PAN,2003,150.0,-1.2431935174792175
PAN,2004,920.0,1.8137383759468308
PAN,2005,3630.0,1.3726142572158109
PAN,2006,4180.0,0.1410785982599041
PAN,2007,3810.0,-0.09268205739805424
PAN,2008,3610.0,-0.05392141679381979
PAN,2009,2330.0,-0.43783950476718125
PAN,2010,2730.0,0.1584333416192596
PAN,2011,1940.0,-0.34161363612163154
PAN,2012,1920.0,-0.010362787035546717
PAN,2013,1040.0,-0.613104472886409
PAN,2014,630.0,-0.5012561727498399
PAN,2015,490.0,-0.25131442828090655
PAN,2016,740.0,0.4122447950935433
PAN,2017,600.0,-0.2097205309820689
PAN,2018,600.0,0.0
PAN,2019,600.0,0.0
PAN,2020,600.0,0.0
PER,1961,3000.0,
PER,1962,2000.0,-0.4054651081081637
PER,1963,2000.0,0.0
PER,1964,4000.0,0.6931471805599454
PER,1965,3000.0,-0.2876820724517817
PER,1966,3000.0,0.0
PER,1967,3000.0,0.0
PER,1968,3000.0,0.0
PER,1969,3020.0,0.006644542718669655
PER,1970,2040.0,-0.3923070235306536
PER,1971,2550.0,0.2231435513142097
PER,1972,3120.0,0.2017396426510567
PER,1973,5580.0,0.5813557745718274
PER,1974,5750.0,0.030011078416039894
PER,1975,6970.0,0.19241536996317343
PER,1976,6640.0,-0.04850326128408966
PER,1977,12990.0,0.6710678671941661
PER,1978,14490.0,0.10927892565008257
PER,1979,14880.0,0.026559273072354728
PER,1980,13020.0,-0.13353139262452274
PER,1981,17460.0,0.2934259136310331
PER,1982,17990.0,0.029903497550986202
PER,1983,33720.0,0.6282750851712127
PER,1984,30540.0,-0.09905383334316831
PER,1985,28610.0,-0.06528099272846788
PER,1986,33290.0,0.15150074452491502
PER,1987,37360.0,0.11534356177370775
PER,1988,40730.0,0.08636430829967878
PER,1989,35200.0,-0.1459188390562698
PER,1990,30410.0,-0.14627458091477763
PER,1991,44800.0,0.3874366377316658
PER,1992,34270.0,-0.2679378035344211
PER,1993,39740.0,0.14808790123715276
PER,1994,50080.0,0.2312634896681729
PER,1995,51440.0,0.026794353137519877
PER,1996,30070.0,-0.5368880829289253
PER,1997,33440.0,0.10622479121606254
PER,1998,37430.0,0.11271973369983712
PER,1999,37980.0,0.014587183467801523
PER,2000,34290.0,-0.10220593890931085
PER,2001,38630.0,0.11917541020336131
PER,2002,33190.0,-0.15178055094630594
PER,2003,36530.0,0.09588521507530778
PER,2004,44230.0,0.19126945107304394
PER,2005,46760.0,0.05562484472363316
PER,2006,44250.0,-0.05517276514992986
PER,2007,51980.0,0.16100365775940517
PER,2008,60390.0,0.14996449910646525
PER,2009,60550.0,0.0026459416792921076
PER,2010,61670.0,0.018328119004300092
PER,2011,60360.0,-0.021470955103753298
PER,2012,63150.0,0.045186214896851595
PER,2013,67350.0,0.06439005405987253
PER,2014,63290.0,-0.062175564069157474
PER,2015,83240.0,0.274000662738219
PER,2016,80830.0,-0.029379817779680906
PER,2017,88640.0,0.09223503925322163
PER,2018,79690.0,-0.10643911558931762
PER,2019,74550.0,-0.06667406619890848
PER,2020,74550.0,0.0
PHL,1961,112900.0,
PHL,1962,103250.0,-0.08934923931447258
PHL,1963,82550.0,-0.22374906147500617
PHL,1964,83270.0,0.008684169881590265
PHL,1965,83890.0,0.007418076610475666
PHL,1966,84470.0,0.006890024881203161
PHL,1967,84890.0,0.004959859010471135
PHL,1968,142990.0,0.5214183969948785
PHL,1969,144390.0,0.009743274238372734
PHL,1970,158100.0,0.09070977223229804
PHL,1971,164500.0,0.039682825990000836
PHL,1972,168200.0,0.022243177333420405
PHL,1973,170500.0,0.01358154918472465
PHL,1974,195130.0,0.1349307063833347
PHL,1975,198600.0,0.017626748504165235
PHL,1976,143090.0,-0.32781894869242834
PHL,1977,155150.0,0.08091858797574503
PHL,1978,184050.0,0.1708150689306418
PHL,1979,189250.0,0.027861432492526816
PHL,1980,242940.0,0.24974560695456738
PHL,1981,309100.0,0.240850349865946
PHL,1982,324080.0,0.04732554975636383
PHL,1983,449700.0,0.3275902948822278
PHL,1984,365610.0,-0.20701350227314208
PHL,1985,324230.0,-0.12011405101115713
PHL,1986,338480.0,0.043011865919448056
PHL,1987,351340.0,0.03728940917342527
PHL,1988,341500.0,-0.02840673657439119
PHL,1989,357140.0,0.044780182758133336
PHL,1990,369600.0,0.03429347799855087
PHL,1991,393130.0,0.06171900620724813
PHL,1992,343010.0,-0.13638074471487194
PHL,1993,318630.0,-0.07372904625834842
PHL,1994,317360.0,-0.003993778795482683
PHL,1995,307190.0,-0.03257032754572187
PHL,1996,288910.0,-0.06135122773391011
PHL,1997,307100.0,0.061058206520334224
PHL,1998,294270.0,-0.042675714202442094
PHL,1999,331070.0,0.1178321201364465
PHL,2000,375660.0,0.1263546456044935
PHL,2001,415880.0,0.10171227812449501
PHL,2002,448310.0,0.07508820029402763
PHL,2003,464190.0,0.03480899376589264
PHL,2004,516050.0,0.10590970884225293
PHL,2005,550670.0,0.06493205865131557
PHL,2006,626860.0,0.12958751155130344
PHL,2007,711120.0,0.12611796171885814
PHL,2008,740300.0,0.0402143175156322
PHL,2009,745680.0,0.007241044303849975
PHL,2010,745810.0,0.00017432232241354484
PHL,2011,771730.0,0.03416387184319447
PHL,2012,792320.0,0.026330602697610672
PHL,2013,821470.0,0.036130067630779195
PHL,2014,815920.0,-0.006779107304637932
PHL,2015,803770.0,-0.01500315234076588
PHL,2016,777840.0,-0.03279231110009562
PHL,2017,801550.0,0.03002650563428233
PHL,2018,794060.0,-0.00938832799294076
PHL,2019,807890.0,0.017266885496789897
PHL,2020,807890.0,0.0
PNG,2010,13210.0,
PNG,2011,13280.0,0.005285025514053743
PNG,2012,13280.0,0.0
PNG,2013,13270.0,-0.0007532957041718191
PNG,2014,13280.0,0.0007532957041718191
PNG,2015,13380.0,0.007501910651795285
PNG,2016,13380.0,0.0
PNG,2017,13360.0,-0.001495886591582618
PNG,2018,13380.0,0.001495886591582618
PNG,2019,13410.0,0.002239642593503177
PNG,2020,13410.0,0.0
POL,1961,21600.0,
POL,1962,21000.0,-0.028170876966697733
POL,1963,22100.0,0.05105517080028399
POL,1964,23200.0,0.04857467014855743
POL,1965,20300.0,-0.13353139262452274
POL,1966,21510.0,0.057897057231897975
POL,1967,21430.0,-0.003726133794152986
POL,1968,25460.0,0.17231678364377423
POL,1969,25300.0,-0.006304197395785138
POL,1970,21930.0,-0.14294883330367902
POL,1971,25590.0,0.15434608774190117
POL,1972,28890.0,0.12129386430644651
POL,1973,30440.0,0.05226201851534107
POL,1974,28590.0,-0.06270052665926507
POL,1975,29440.0,0.029297287526455662
POL,1976,28800.0,-0.02197890671877545
POL,1977,31460.0,0.08834151048823102
POL,1978,26540.0,-0.1700638687260696
POL,1979,25540.0,-0.03840717829966778
POL,1980,25020.0,-0.020570345565628756
POL,1981,29030.0,0.14865427299777423
POL,1982,31660.0,0.08672427641632652
POL,1983,35410.0,0.11194021167094625
POL,1984,37980.0,0.07006543926032727
POL,1985,32380.002,-0.15951869536812957
POL,1986,33520.0,0.03460126559787291
POL,1987,35220.0,0.049471827454176776
POL,1988,37910.0,0.07360082646018462
POL,1989,38480.0,0.014923696269262265
POL,1990,49330.0,0.24839378944814072
POL,1991,51510.0,0.04324354833184785
POL,1992,54530.0,0.05697504536047582
POL,1993,53440.0,-0.020191479709581017
POL,1994,55430.0,0.036561434203324694
POL,1995,53300.0,-0.039184632259916086
POL,1996,53050.0,-0.004701466111805885
POL,1997,47320.0,-0.11430182594980565
POL,1998,47490.0,0.003586123450844525
POL,1999,52420.0,0.09876903533422876
POL,2000,57930.0,0.09994718721327267
POL,2001,57660.0,-0.004671692898275737
POL,2002,56580.0,-0.018908126336835807
POL,2003,59870.0,0.05651997906383954
POL,2004,59960.0,0.0015021282971368066
POL,2005,61120.0,0.0191614716238675
POL,2006,58340.0,-0.04655118041868889
POL,2007,58300.0,-0.0006858710831298964
POL,2008,58470.0,0.0029117088311334527
POL,2009,58320.0,-0.002568714487177104
POL,2010,51990.0,-0.11489369530477767
POL,2011,50690.0,-0.02532273991136691
POL,2012,53830.0,0.06010228008860885
POL,2013,57330.0,0.0629931143474245
POL,2014,62030.0,0.07879409206473476
POL,2015,58580.0,-0.05722479758543919
POL,2016,60220.0,0.02761118165400056
POL,2017,59890.0,-0.0054949767772161096
POL,2018,59890.0,0.0
POL,2019,59890.0,0.0
POL,2020,59890.0,0.0
PRK,1961,24000.0,
PRK,1962,24000.0,0.0
PRK,1963,24000.0,0.0
PRK,1964,24200.0,0.008298802814696415
PRK,1965,24300.0,0.00412371718386062
PRK,1966,24410.0,0.004516534058366162
PRK,1967,24520.0,0.004496226663142977
PRK,1968,24620.0,0.0040700096882968495
PRK,1969,24730.0,0.004457960777017433
PRK,1970,18840.0,-0.2720348123851082
PRK,1971,27960.0,0.3947926482173916
PRK,1972,32070.0,0.13714609633945507
PRK,1973,36190.0,0.12086182387058741
PRK,1974,40300.0,0.10756863137698502
PRK,1975,40420.0,0.00297324302283819
PRK,1976,45540.0,0.11926634866011909
PRK,1977,48660.0,0.06626627671978369
PRK,1978,48810.0,0.0030778725436793053
PRK,1979,53010.0,0.08254536510065869
PRK,1980,56200.0,0.05843618189993016
PRK,1981,57400.0,0.02112754642587511
PRK,1982,60590.0,0.05408555963137651
PRK,1983,63790.0,0.051466575296966965
PRK,1984,62800.0,-0.015641364779710898
PRK,1985,59900.0,-0.04727856835275013
PRK,1986,59100.0,-0.01344558070934987
PRK,1987,55000.0,-0.0718977391795832
PRK,1988,51000.0,-0.07550755250814412
PRK,1989,48000.0,-0.060624621816435464
PRK,1990,35000.0,-0.31585294941847764
PRK,1991,32000.0,-0.08961215868968608
PRK,1992,31000.0,-0.031748698314579826
PRK,1993,28000.0,-0.10178269430994291
PRK,1994,27000.0,-0.036367644170875124
PRK,1995,25400.0,-0.061087691979837544
PRK,1996,23050.0,-0.09708340458183429
PRK,1997,23530.0,0.02061043329661416
PRK,1998,19500.0,-0.18786173716956966
PRK,1999,15500.0,-0.22957444164450003
PRK,2000,11700.0,-0.2812511821214905
PRK,2001,8630.0,-0.30434433670837535
PRK,2002,8700.0,0.008078520565202751
PRK,2003,8700.0,0.0
PRK,2004,8700.0,0.0
PRK,2005,8730.0,0.003442344190972335
PRK,2006,8730.0,0.0
PRK,2007,8750.0,0.0022883305180130264
PRK,2008,8750.0,0.0
PRK,2009,8750.0,0.0
PRK,2010,9260.0,0.056650348288563634
PRK,2011,9270.0,0.00107933091967638
PRK,2012,10060.0,0.08178378509382966
PRK,2013,9960.0,-0.009990093075087358
PRK,2014,10370.0,0.040339950644929345
PRK,2015,10470.0,0.009597002641010377
PRK,2016,11370.0,0.08246428287999841
PRK,2017,14600.0,0.25004322095184683
PRK,2018,14600.0,0.0
PRK,2019,14600.0,0.0
PRK,2020,14600.0,0.0
PRT,1961,300.0,
PRT,1962,300.0,0.0
PRT,1963,300.0,0.0
PRT,1964,500.0,0.5108256237659905
PRT,1965,200.0,-0.9162907318741551
PRT,1966,100.0,-0.6931471805599445
PRT,1967,210.0,0.7419373447293767
PRT,1968,420.0,0.6931471805599454
PRT,1969,220.0,-0.6466271649250519
PRT,1970,150.0,-0.38299225225610645
PRT,1971,380.0,0.929535958624176
PRT,1972,320.0,-0.17185025692665956
PRT,1973,500.0,0.4462871026284194
PRT,1974,570.0,0.13102826240640475
PRT,1975,470.0,-0.19290366612449183
PRT,1976,510.0,0.08167803101426685
PRT,1977,550.0,0.075507552508145
PRT,1978,430.0,-0.24613306953890834
PRT,1979,460.0,0.06744128079553313
PRT,1980,560.0,0.19671029424605369
PRT,1981,680.0,0.19415601444095731
PRT,1982,780.0,0.13720112151348562
PRT,1983,820.0,0.05001042057466076
PRT,1984,820.0,0.0
PRT,1985,950.0,0.1471576443362883
PRT,1986,1890.0,0.6878701234591018
PRT,1987,2210.0,0.15641568645810988
PRT,1988,1890.0,-0.15641568645810988
PRT,1989,1130.0,-0.5143591963473026
PRT,1990,2460.0,0.7779437172200225
PRT,1991,2460.0,0.0
PRT,1992,1910.0,-0.2530581078857326
PRT,1993,1540.0,-0.21532082563300126
PRT,1994,2240.0,0.3746934494414109
PRT,1995,1040.0,-0.7672551527136671
PRT,1996,1390.0,0.290083033989319
PRT,1997,1310.0,-0.059276609929540314
PRT,1998,1320.0,0.007604599385219402
PRT,1999,1300.0,-0.015267472130788384
PRT,2000,1350.0,0.03774032798284743
PRT,2001,1280.0,-0.053244514518812736
PRT,2002,1330.0,0.038318864302136824
PRT,2003,1040.0,-0.24595822908038123
PRT,2004,900.0,-0.14458122881110747
PRT,2005,920.0,0.02197890671877545
PRT,2006,1010.0,0.09333193979221832
PRT,2007,1000.0,-0.009950330853167877
PRT,2008,410.0,-0.891598119283783
PRT,2009,410.0,0.0
PRT,2010,1080.0,0.968559160419912
PRT,2011,1260.0,0.15415067982725805
PRT,2012,570.0,-0.7932306391169277
PRT,2013,910.0,0.4678082386822995
PRT,2014,910.0,0.0
PRT,2015,1020.0,0.11411330676742093
PRT,2016,830.0,-0.2061322054876733
PRT,2017,870.0,0.04706751085798633
PRT,2018,870.0,0.0
PRT,2019,820.0,-0.059188871390331244
PRT,2020,820.0,0.0
PRY,1961,600.0,
PRY,1962,600.0,0.0
PRY,1963,700.0,0.15415067982725805
PRY,1964,700.0,0.0
PRY,1965,700.0,0.0
PRY,1966,700.0,0.0
PRY,1967,800.0,0.13353139262452274
PRY,1968,1000.0,0.2231435513142097
PRY,1969,1400.0,0.33647223662121295
PRY,1970,1800.0,0.25131442828090655
PRY,1971,2200.0,0.20067069546215066
PRY,1972,2500.0,0.12783337150988494
PRY,1973,2700.0,0.07696104113612812
PRY,1974,2700.0,0.0
PRY,1975,2800.0,0.036367644170875124
PRY,1976,2900.0,0.03509131981127034
PRY,1977,3000.0,0.03390155167568043
PRY,1978,3100.0,0.032789822822991255
PRY,1979,3200.0,0.0317486983145816
PRY,1980,3300.0,0.0307716586667528
PRY,1981,3350.0,0.015037877364539654
PRY,1982,3400.0,0.014815085785141235
PRY,1983,3500.0,0.028987536873252395
PRY,1984,5000.0,0.35667494393873334
PRY,1985,7500.0,0.4054651081081637
PRY,1986,13000.0,0.5500463369192712
PRY,1987,10020.0,-0.26036626180481726
PRY,1988,10050.0,0.00298953884836628
PRY,1989,11050.0,0.09485779345867762
PRY,1990,12550.0,0.12729023761403013
PRY,1991,13050.0,0.03906746819090934
PRY,1992,18000.0,0.321583624127463
PRY,1993,19070.0,0.05774466171616233
PRY,1994,20100.0,0.05260339545270298
PRY,1995,21190.0,0.052809557215176994
PRY,1996,22350.0,0.05329694877937108
PRY,1997,28350.0,0.2378007091141825
PRY,1998,28090.0,-0.009213389057608268
PRY,1999,28090.0,0.0
PRY,2000,28100.0,0.0003559352235473767
PRY,2001,25570.0,-0.09434978703660413
PRY,2002,25200.0,-0.014575794785718799
PRY,2003,24700.0,-0.020040750883445924
PRY,2004,24680.0,-0.0008100445967436087
PRY,2005,23900.0,-0.03211474009972193
PRY,2006,23230.0,-0.028433912155147567
PRY,2007,22530.0,-0.030596792338165812
PRY,2008,21830.0,-0.03156258388229993
PRY,2009,21180.0,-0.03022783038859167
PRY,2010,20760.0,-0.020029281875572735
PRY,2011,21930.0,0.05482750413210802
PRY,2012,21800.0,-0.005945592634752472
PRY,2013,22350.0,0.024916351264534953
PRY,2014,22800.0,0.01993421490081637
PRY,2015,23180.0,0.01652930195121094
PRY,2016,22600.0,-0.0253399316333649
PRY,2017,24180.0,0.06757593890840496
PRY,2018,24180.0,0.0
PRY,2019,24180.0,0.0
PRY,2020,24180.0,0.0
PYF,1961,0.0,
PYF,1962,0.0,
PYF,1963,0.0,
PYF,1964,0.0,
PYF,1965,0.0,
PYF,1966,0.0,
PYF,1967,0.0,
PYF,1968,0.0,
PYF,1969,0.0,
PYF,1970,0.0,
PYF,1971,0.0,
PYF,1972,0.0,
PYF,1973,0.0,
PYF,1974,0.0,
PYF,1975,0.0,
PYF,1976,0.0,
PYF,1977,0.0,
PYF,1978,0.0,
PYF,1979,0.0,
PYF,1980,0.0,
PYF,1981,0.0,
PYF,1982,0.0,
PYF,1983,0.0,
PYF,1984,0.0,
PYF,1985,0.0,
PYF,1986,0.0,
PYF,1987,0.0,
PYF,1988,0.0,
PYF,1989,0.0,
PYF,1990,0.0,
PYF,1991,0.0,
PYF,1992,0.0,
PYF,1993,10.0,inf
PYF,1994,0.0,-inf
PYF,1995,0.0,
PYF,1996,10.0,inf
PYF,1997,50.0,1.6094379124341
PYF,1998,50.0,0.0
PYF,1999,50.0,0.0
PYF,2000,60.0,0.18232155679395445
PYF,2001,70.0,0.15415067982725894
PYF,2002,70.0,0.0
PYF,2003,60.0,-0.15415067982725894
PYF,2004,50.0,-0.18232155679395445
PYF,2005,60.0,0.18232155679395445
PYF,2006,60.0,0.0
PYF,2007,50.0,-0.18232155679395445
PYF,2008,50.0,0.0
PYF,2009,50.0,0.0
PYF,2010,50.0,0.0
PYF,2011,50.0,0.0
PYF,2012,50.0,0.0
PYF,2013,50.0,0.0
PYF,2014,50.0,0.0
PYF,2015,50.0,0.0
PYF,2016,50.0,0.0
PYF,2017,50.0,0.0
PYF,2018,50.0,0.0
PYF,2019,50.0,0.0
PYF,2020,50.0,0.0
QAT,2019,10.0,
QAT,2020,10.0,0.0
ROU,1961,30000.0,
ROU,1962,25500.0,-0.16251892949777513
ROU,1963,30100.0,0.1658467195904496
ROU,1964,25600.0,-0.161932820269314
ROU,1965,23500.0,-0.08559193033540247
ROU,1966,23800.0,0.012685159527315193
ROU,1967,35300.0,0.3941973832618224
ROU,1968,28500.0,-0.21397887666464577
ROU,1969,29500.0,0.03448617607116944
ROU,1970,34160.0,0.1466651055745949
ROU,1971,32310.002,-0.05567852718362509
ROU,1972,34370.0,0.06180724912499791
ROU,1973,42220.0,0.20570995155843264
ROU,1974,43410.0,0.027795786891326557
ROU,1975,49610.0,0.13350259700145628
ROU,1976,51330.0,0.03408295025925412
ROU,1977,55700.0,0.08170477036102675
ROU,1978,46280.0,-0.18527024460776254
ROU,1979,50020.0,0.0777130231239962
ROU,1980,53080.0,0.059377284014534126
ROU,1981,55860.0,0.05104835105302463
ROU,1982,59630.0,0.0653102426179828
ROU,1983,51680.0,-0.14308794366066735
ROU,1984,56800.0,0.09446546625275865
ROU,1985,58930.0,0.03681397312271706
ROU,1986,66890.0,0.12669918028049487
ROU,1987,68220.0,0.019688297860183113
ROU,1988,77640.0,0.12934498131030914
ROU,1989,67110.0,-0.14574969413066263
ROU,1990,48360.0,-0.32766003842355573
ROU,1991,40790.0,-0.1702360724171239
ROU,1992,34630.0,-0.16371659491513668
ROU,1993,29870.0,-0.14786572618631233
ROU,1994,31140.0,0.041638534177833364
ROU,1995,29030.0,-0.07016338836931268
ROU,1996,20160.0,-0.3646293348333707
ROU,1997,15570.0,-0.25835445735726204
ROU,1998,14380.0,-0.07950763355300516
ROU,1999,14310.0,-0.004879758724541716
ROU,2000,14650.0,0.023481741894716635
ROU,2001,16030.001,0.09002169354141465
ROU,2002,14080.0,-0.12970667827459437
ROU,2003,17330.0,0.20768375299761743
ROU,2004,11430.0,-0.4161976259207947
ROU,2005,11370.0,-0.005263170044274901
ROU,2006,14140.0,0.21802935270598311
ROU,2007,15990.0,0.12295586637743483
ROU,2008,17550.0,0.09309042306601256
ROU,2009,16890.0,-0.03833221909216533
ROU,2010,11480.0,-0.3861153399282884
ROU,2011,11120.0,-0.0318611020689854
ROU,2012,13170.0,0.1691962269327547
ROU,2013,13760.0,0.04382431675000653
ROU,2014,14700.0,0.06608166127949389
ROU,2015,15470.0,0.05105517080028399
ROU,2016,18430.0,0.17507710709675628
ROU,2017,18250.0,-0.009814691653231122
ROU,2018,18250.0,0.0
ROU,2019,18250.0,0.0
ROU,2020,18250.0,0.0
RUS,1992,493890.0,
RUS,1993,439430.0,-0.11683438778781152
RUS,1994,438240.0,-0.002711727025461741
RUS,1995,438930.0,0.0015732415434133173
RUS,1996,426900.0,-0.02779015329426393
RUS,1997,478650.0,0.11441984762844548
RUS,1998,548320.0,0.13588941673393684
RUS,1999,571080.0,0.0406702467947202
RUS,2000,548310.0,-0.04068848448655871
RUS,2001,491860.0,-0.10864669728052334
RUS,2002,470600.0,-0.04418564686067583
RUS,2003,511870.0,0.08406221025659733
RUS,2004,415840.0,-0.2077701156566789
RUS,2005,521830.03,0.2270413509392064
RUS,2006,542210.0,0.03831145844092809
RUS,2007,630310.0,0.15055838158078672
RUS,2008,542020.0,-0.1509088607262541
RUS,2009,835080.0,0.43222462751691104
RUS,2010,639810.0,-0.26635627136714746
RUS,2011,817580.0,0.2451775000331029
RUS,2012,778510.0,-0.04896692090400201
RUS,2013,778810.0,0.00038527727597426065
RUS,2014,700360.0,-0.10617262512456982
RUS,2015,701610.0,0.0017832055339717101
RUS,2016,834610.0,0.17358685578126654
RUS,2017,768680.0,-0.08228979180912788
RUS,2018,1113260.0,0.37037316880552673
RUS,2019,938550.0,-0.17071179575727058
RUS,2020,938550.0,0.0
RWA,1961,500.0,
RWA,1962,500.0,0.0
RWA,1963,500.0,0.0
RWA,1964,700.0,0.33647223662121295
RWA,1965,700.0,0.0
RWA,1966,700.0,0.0
RWA,1967,800.0,0.13353139262452274
RWA,1968,800.0,0.0
RWA,1969,800.0,0.0
RWA,1970,900.0,0.11778303565638382
RWA,1971,900.0,0.0
RWA,1972,800.0,-0.11778303565638382
RWA,1973,1000.0,0.2231435513142097
RWA,1974,1370.0,0.31481073984003416
RWA,1975,1200.0,-0.13248918304607926
RWA,1976,1010.0,-0.17237122594078702
RWA,1977,1320.0,0.2676814057451118
RWA,1978,730.0,-0.5923424814379796
RWA,1979,970.0,0.28425153735499187
RWA,1980,1220.0,0.22931006622987393
RWA,1981,980.0,-0.21905356606268533
RWA,1982,1240.0,0.23531408693446565
RWA,1983,1250.0,0.008032171697263557
RWA,1984,830.0,-0.40947312950570325
RWA,1985,950.0,0.1350362838039434
RWA,1986,1550.0,0.489548225318706
RWA,1987,1690.0,0.0864735980038267
RWA,1988,1330.0,-0.23954958670131976
RWA,1989,1520.0,0.13353139262452274
RWA,1990,2510.0,0.501572418285507
RWA,1991,3560.0,0.34947779172024607
RWA,1992,3700.0,0.03857227478624026
RWA,1993,3550.0,-0.04138521616285473
RWA,1994,3460.0,-0.025679014417690382
RWA,1995,3380.0,-0.023392879574705816
RWA,1996,3050.0,-0.1027341188756079
RWA,1997,4550.0,0.3999856423435393
RWA,1998,6770.0,0.39737385396132474
RWA,1999,6730.0,-0.00592594326754714
RWA,2000,7000.0,0.039335005398676515
RWA,2001,7260.0,0.03646967978139237
RWA,2002,7610.0,0.047083343036888436
RWA,2003,8430.0,0.10233360014017023
RWA,2004,8210.0,-0.02644384854942672
RWA,2005,6850.0,-0.181104271190204
RWA,2006,7740.0,0.12215303532750177
RWA,2007,9250.0,0.17822186392269934
RWA,2008,11650.0,0.23068262848737575
RWA,2009,11610.0,-0.003439384301909598
RWA,2010,13100.0,0.12074543449730513
RWA,2011,17260.0,0.27577945544817517
RWA,2012,19490.0,0.12150982786418751
RWA,2013,23550.0,0.18922430694295755
RWA,2014,26660.0,0.12403849428813629
RWA,2015,30950.0,0.1492086843800422
RWA,2016,26590.0,-0.15183779387567675
RWA,2017,28360.0,0.06444449640899919
RWA,2018,27530.0,-0.029703382509410403
RWA,2019,24760.0,-0.10604687133812085
RWA,2020,24760.0,0.0
SAU,1961,0.0,
SAU,1962,0.0,
SAU,1963,0.0,
SAU,1964,0.0,
SAU,1965,0.0,
SAU,1966,0.0,
SAU,1967,0.0,
SAU,1968,0.0,
SAU,1969,0.0,
SAU,1970,0.0,
SAU,1971,0.0,
SAU,1972,0.0,
SAU,1973,0.0,
SAU,1974,0.0,
SAU,1975,0.0,
SAU,1976,0.0,
SAU,1977,0.0,
SAU,1978,0.0,
SAU,1979,0.0,
SAU,1980,0.0,
SAU,1981,0.0,
SAU,1982,0.0,
SAU,1983,0.0,
SAU,1984,0.0,
SAU,1985,0.0,
SAU,1986,30.0,inf
SAU,1987,140.0,1.5404450409471484
SAU,1988,330.0,0.8574502318512218
SAU,1989,1230.0,1.3156767939059373
SAU,1990,1940.0,0.45567380369091115
SAU,1991,2020.0,0.04040953833787597
SAU,1992,2200.0,0.08535984895115689
SAU,1993,2310.0,0.04879016416943216
SAU,1994,2230.0,-0.03524593906167439
SAU,1995,2630.0,0.16498226071764588
SAU,1996,3760.0,0.3574351112121299
SAU,1997,3930.0,0.04422046847936656
SAU,1998,3460.0,-0.1273708368115365
SAU,1999,3800.0,0.09373247766270687
SAU,2000,4070.0002,0.0686419818622106
SAU,2001,4100.0,0.007343925115710803
SAU,2002,2100.0,-0.6690496289808845
SAU,2003,2660.0,0.23638877806423064
SAU,2004,2470.0,-0.07410797215372256
SAU,2005,3080.0,0.22071144634559747
SAU,2006,3900.0,0.23604695615011728
SAU,2007,4000.0,0.025317807984290397
SAU,2008,3930.0,-0.017654935238720526
SAU,2009,4070.0002,0.03500362271338098
SAU,2010,3810.0,-0.06601385945594096
SAU,2011,4920.0,0.25567934136560666
SAU,2012,5400.0,0.09309042306601256
SAU,2013,6100.0,0.12188981760903594
SAU,2014,9020.0,0.39115556289526765
SAU,2015,9490.0,0.05079427854730412
SAU,2016,13510.0,0.35319153935027003
SAU,2017,13430.0,-0.005939141436961393
SAU,2018,13430.0,0.0
SAU,2019,13310.0,-0.008975378128125655
SAU,2020,13310.0,0.0
SDN,2012,30600.0,
SDN,2013,32200.0,0.050966443592027844
SDN,2014,32500.0,0.009273636785328776
SDN,2015,35750.0,0.09531017980432388
SDN,2016,42000.0,0.1611193491433518
SDN,2017,44080.0,0.04833654656129127
SDN,2018,48000.0,0.08519484606323147
SDN,2019,48050.0,0.0010411245084114285
SDN,2020,48050.0,0.0
SEN,1961,29000.0,
SEN,1962,30000.0,0.03390155167568132
SEN,1963,20000.0,-0.4054651081081655
SEN,1964,21600.0,0.07696104113612989
SEN,1965,30200.0,0.3351486096907035
SEN,1966,25000.0,-0.18896609951262278
SEN,1967,23000.0,-0.08338160893905133
SEN,1968,21000.0,-0.0909717782057271
SEN,1969,20000.0,-0.04879016416943216
SEN,1970,28000.0,0.33647223662121384
SEN,1971,28000.0,0.0
SEN,1972,25000.0,-0.11332868530700324
SEN,1973,22000.0,-0.12783337150988494
SEN,1974,24220.0,0.09613628476663116
SEN,1975,29210.0,0.18733237827470184
SEN,1976,26150.0,-0.11066192588871715
SEN,1977,21510.0,-0.1953312472312927
SEN,1978,20490.0,-0.048580981028830905
SEN,1979,20370.0,-0.005873732012092958
SEN,1980,22840.0,0.11445015454909502
SEN,1981,21950.0,-0.03974624526662929
SEN,1982,21090.0,-0.03996814503049784
SEN,1983,21070.0,-0.00094876667458621
SEN,1984,20880.0,-0.009058464801658062
SEN,1985,21340.0,0.0217914828591681
SEN,1986,21250.0,-0.004226350503181209
SEN,1987,21200.0,-0.00235571369245946
SEN,1988,18950.0,-0.11219725014953141
SEN,1989,18380.0,-0.03054081460089364
SEN,1990,18460.0,0.004343112147164874
SEN,1991,20590.0,0.1091992919649929
SEN,1992,26360.0,0.24704218859460703
SEN,1993,28690.0,0.08470092035896748
SEN,1994,36830.0,0.24976410046370034
SEN,1995,42420.0,0.14130721867956275
SEN,1996,49360.0,0.1515204304605966
SEN,1997,55530.0,0.11778303565638204
SEN,1998,44220.0,-0.22774623982421538
SEN,1999,60210.0,0.3086612760470562
SEN,2000,53790.0,-0.11275087519120497
SEN,2001,49510.0,-0.08291290691181885
SEN,2002,45370.0,-0.08732357569745908
SEN,2003,40440.0,-0.11503169952360182
SEN,2004,25220.0,-0.47218206361549697
SEN,2005,29950.0,0.17189199402468347
SEN,2006,26410.0,-0.12578659825241623
SEN,2007,34080.0,0.2549679756520735
SEN,2008,34440.0,0.010507977598415152
SEN,2009,34710.0,0.007809150314164626
SEN,2010,35050.0,0.009747783606904648
SEN,2011,34400.0,-0.018719049101246554
SEN,2012,35750.0,0.03849370476066305
SEN,2013,34420.0,-0.03791247835662226
SEN,2014,31720.0,-0.08169039401674638
SEN,2015,30000.0,-0.055750015104491624
SEN,2016,31190.0,0.03890014895755556
SEN,2017,33280.0,0.06485908533329621
SEN,2018,30590.0,-0.08428345779019608
SEN,2019,32560.002,0.06241144439658797
SEN,2020,32560.002,0.0
SLB,1961,0.0,
SLB,1962,0.0,
SLB,1963,0.0,
SLB,1964,0.0,
SLB,1965,0.0,
SLB,1966,0.0,
SLB,1967,0.0,
SLB,1968,0.0,
SLB,1969,0.0,
SLB,1970,0.0,
SLB,1971,0.0,
SLB,1972,0.0,
SLB,1973,0.0,
SLB,1974,0.0,
SLB,1975,0.0,
SLB,1976,0.0,
SLB,1977,0.0,
SLB,1978,0.0,
SLB,1979,0.0,
SLB,1980,0.0,
SLB,1981,0.0,
SLB,1982,0.0,
SLB,1983,0.0,
SLB,1984,0.0,
SLB,1985,0.0,
SLB,1986,0.0,
SLB,1987,0.0,
SLB,1988,0.0,
SLB,1989,0.0,
SLB,1990,0.0,
SLB,1991,0.0,
SLB,1992,0.0,
SLB,1993,0.0,
SLB,1994,0.0,
SLB,1995,0.0,
SLB,1996,0.0,
SLB,1997,0.0,
SLB,1998,0.0,
SLB,1999,0.0,
SLB,2000,0.0,
SLB,2001,0.0,
SLB,2002,0.0,
SLB,2003,0.0,
SLB,2004,0.0,
SLB,2005,0.0,
SLB,2006,0.0,
SLB,2007,0.0,
SLB,2008,0.0,
SLB,2009,0.0,
SLB,2010,0.0,
SLB,2011,0.0,
SLB,2012,0.0,
SLB,2013,0.0,
SLB,2014,0.0,
SLB,2015,0.0,
SLB,2016,0.0,
SLB,2017,0.0,
SLB,2018,0.0,
SLB,2019,0.0,
SLB,2020,0.0,
SLE,1961,400.0,
SLE,1962,500.0,0.2231435513142097
SLE,1963,500.0,0.0
SLE,1964,800.0,0.4700036292457357
SLE,1965,800.0,0.0
SLE,1966,800.0,0.0
SLE,1967,900.0,0.11778303565638382
SLE,1968,900.0,0.0
SLE,1969,900.0,0.0
SLE,1970,1000.0,0.10536051565782589
SLE,1971,1000.0,0.0
SLE,1972,1000.0,0.0
SLE,1973,1000.0,0.0
SLE,1974,1000.0,0.0
SLE,1975,1100.0,0.09531017980432477
SLE,1976,1330.0,0.18986876242933803
SLE,1977,1630.0,0.2034010725850086
SLE,1978,5200.0,1.1600786107687107
SLE,1979,12140.0,0.8478471600439708
SLE,1980,15810.0,0.2641368655900287
SLE,1981,16410.0,0.03724825388061781
SLE,1982,17080.0,0.04001728325842535
SLE,1983,16580.0,-0.029711038653275068
SLE,1984,17090.0,0.030296347420350145
SLE,1985,17110.0,0.0011695907766018365
SLE,1986,16620.0,-0.02905629847679947
SLE,1987,16630.0,0.000601503777534873
SLE,1988,16630.0,0.0
SLE,1989,16120.001,-0.031147494091616323
SLE,1990,13690.0,-0.1633951598128629
SLE,1991,14620.0,0.06572481502127481
SLE,1992,15490.0,0.057804200107144155
SLE,1993,14520.0,-0.0646676450321273
SLE,1994,15210.0,0.046426096874553124
SLE,1995,17240.0,0.12527915896434472
SLE,1996,17540.0,0.01725172170849021
SLE,1997,17540.0,0.0
SLE,1998,17330.0,-0.012044883216523417
SLE,1999,14520.0,-0.17691209433086463
SLE,2000,17030.0,0.159449485277948
SLE,2001,14030.0,-0.19377860056022733
SLE,2002,15390.0,0.09252005373641836
SLE,2003,15490.0,0.006476706577988267
SLE,2004,17150.0,0.10180351918317321
SLE,2005,17540.0,0.022485813332087545
SLE,2006,17360.0,-0.010315277711832493
SLE,2007,17930.0,0.03230657838483708
SLE,2008,21840.0,0.19726786325966295
SLE,2009,21730.0,-0.005049356608367361
SLE,2010,13880.0,-0.4482448391896785
SLE,2011,12880.0,-0.07477323440245165
SLE,2012,11880.0,-0.08081940674170873
SLE,2013,10880.0,-0.08793007250670115
SLE,2014,9990.0,-0.08534164876733463
SLE,2015,9810.0,-0.018182319083191345
SLE,2016,9810.0,0.0
SLE,2017,9810.0,0.0
SLE,2018,9810.0,0.0
SLE,2019,9810.0,0.0
SLE,2020,9810.0,0.0
SLV,1961,1300.0,
SLV,1962,1300.0,0.0
SLV,1963,1000.0,-0.2623642644674913
SLV,1964,900.0,-0.10536051565782589
SLV,1965,1600.0,0.5753641449035616
SLV,1966,1300.0,-0.2076393647782444
SLV,1967,1300.0,0.0
SLV,1968,1000.0,-0.2623642644674913
SLV,1969,1000.0,0.0
SLV,1970,800.0,-0.2231435513142097
SLV,1971,800.0,0.0
SLV,1972,800.0,0.0
SLV,1973,900.0,0.11778303565638382
SLV,1974,1540.0,0.5371429320833636
SLV,1975,870.0,-0.5710444837590449
SLV,1976,1140.0,0.27029032973991196
SLV,1977,1620.0,0.351397886837888
SLV,1978,1510.0,-0.07031649841745935
SLV,1979,1720.0,0.13021463999852845
SLV,1980,1820.0,0.05651221026334241
SLV,1981,1020.0,-0.5790338737925245
SLV,1982,550.0,-0.6176396280518004
SLV,1983,800.0,0.3746934494414109
SLV,1984,1680.0,0.7419373447293776
SLV,1985,2810.0,0.5143906899304866
SLV,1986,1870.0,-0.40724605247915857
SLV,1987,1700.0,-0.09531017980432566
SLV,1988,710.0,-0.8731185600089457
SLV,1989,4030.0002,1.736256734533157
SLV,1990,3640.0,-0.10178274393773279
SLV,1991,4360.0,0.1804883757122937
SLV,1992,5150.0,0.166524657314703
SLV,1993,4350.0,-0.16882086957505216
SLV,1994,3980.0,-0.08889402580424743
SLV,1995,4520.0,0.12723017454779395
SLV,1996,3060.0,-0.39009707787985093
SLV,1997,2950.0,-0.036609745612560474
SLV,1998,2720.0,-0.08117329004382245
SLV,1999,2790.0,0.025409715525368526
SLV,2000,2870.0,0.028270433938255124
SLV,2001,1700.0,-0.5236837787093593
SLV,2002,3040.0,0.5812292643559598
SLV,2003,3300.0,0.08206495305430472
SLV,2004,3960.0,0.1823215567939549
SLV,2005,4000.0,0.010050335853501124
SLV,2006,4730.0,0.1676308413839518
SLV,2007,5970.0,0.23282172490066877
SLV,2008,7580.0,0.23876627224976943
SLV,2009,6960.0,-0.08533372530795269
SLV,2010,6420.0,-0.08076135664445871
SLV,2011,6460.0,0.006211200092641533
SLV,2012,6150.0,-0.04917723597608337
SLV,2013,4200.0,-0.3813675565291046
SLV,2014,2330.0,-0.5892162577117137
SLV,2015,6100.0,0.9624205036016562
SLV,2016,7560.0,0.21458241901217612
SLV,2017,7570.0,0.0013218772579168814
SLV,2018,7570.0,0.0
SLV,2019,7570.0,0.0
SLV,2020,7570.0,0.0
SRB,2006,7470.0,
SRB,2007,9140.0,0.20176538632133223
SRB,2008,10690.0,0.15664833957089463
SRB,2009,11290.0,0.05460865312461749
SRB,2010,13000.0,0.14103197929996547
SRB,2011,13010.0,0.0007689350628776737
SRB,2012,12460.0,-0.04319477916510728
SRB,2013,10980.0,-0.12644807727792262
SRB,2014,10760.0,-0.020239881347745126
SRB,2015,10540.0,-0.02065801162042291
SRB,2016,8950.0,-0.16352401082645152
SRB,2017,7280.0,-0.20652267007817038
SRB,2018,9420.0,0.25770422637967805
SRB,2019,9350.0,-0.007458745287676649
SRB,2020,9350.0,0.0
SSD,2019,32020.0,
SSD,2020,32020.0,0.0
STP,1961,,
STP,1962,,
STP,1963,,
STP,1964,,
STP,1965,,
STP,1966,,
STP,1967,,
STP,1968,,
STP,1969,,
STP,1970,,
STP,1971,,
STP,1972,,
STP,1973,,
STP,1974,,
STP,1975,,
STP,1976,,
STP,1977,,
STP,1978,,
STP,1979,,
STP,1980,,
STP,1981,,
STP,1982,,
STP,1983,,
STP,1984,,
STP,1985,,
STP,1986,,
STP,1987,,
STP,1988,,
STP,1989,,
STP,1990,,
STP,1991,,
STP,1992,,
STP,1993,,
STP,1994,,
STP,1995,,
STP,1996,,
STP,1997,,
STP,1998,,
STP,1999,,
STP,2000,,
STP,2001,,
STP,2002,,
STP,2003,,
STP,2004,,
STP,2005,,
STP,2006,,
STP,2007,,
STP,2008,,
STP,2009,,
STP,2010,,
STP,2011,,
STP,2012,,
STP,2013,,
STP,2014,,
STP,2015,,
STP,2016,,
STP,2017,,
STP,2018,,
STP,2019,,
STP,2020,,
SUR,1961,500.0,
SUR,1962,400.0,-0.2231435513142097
SUR,1963,400.0,0.0
SUR,1964,600.0,0.4054651081081646
SUR,1965,500.0,-0.1823215567939549
SUR,1966,500.0,0.0
SUR,1967,500.0,0.0
SUR,1968,400.0,-0.2231435513142097
SUR,1969,400.0,0.0
SUR,1970,300.0,-0.2876820724517808
SUR,1971,300.0,0.0
SUR,1972,300.0,0.0
SUR,1973,300.0,0.0
SUR,1974,240.0,-0.2231435513142097
SUR,1975,300.0,0.2231435513142097
SUR,1976,250.0,-0.1823215567939549
SUR,1977,240.0,-0.04082199452025481
SUR,1978,100.0,-0.8754687373538994
SUR,1979,90.0,-0.10536051565782678
SUR,1980,70.0,-0.25131442828090567
SUR,1981,70.0,0.0
SUR,1982,80.0,0.13353139262452185
SUR,1983,220.0,1.0116009116784808
SUR,1984,140.0,-0.4519851237430581
SUR,1985,230.0,0.4964368863138917
SUR,1986,110.0,-0.737598943130779
SUR,1987,110.0,0.0
SUR,1988,130.0,0.16705408466316563
SUR,1989,350.0,0.9903987040278768
SUR,1990,350.0,0.0
SUR,1991,360.0,0.028170876966696845
SUR,1992,560.0,0.44183275227903884
SUR,1993,190.0,-1.0809127115687085
SUR,1994,140.0,-0.3053816495511823
SUR,1995,140.0,0.0
SUR,1996,150.0,0.06899287148695166
SUR,1997,200.0,0.2876820724517808
SUR,1998,200.0,0.0
SUR,1999,250.0,0.2231435513142097
SUR,2000,330.0,0.27763173659827967
SUR,2001,250.0,-0.27763173659827967
SUR,2002,250.0,0.0
SUR,2003,220.0,-0.12783337150988405
SUR,2004,240.0,0.08701137698962924
SUR,2005,220.0,-0.08701137698962924
SUR,2006,200.0,-0.09531017980432566
SUR,2007,350.0,0.5596157879354227
SUR,2008,360.0,0.028170876966696845
SUR,2009,430.0,0.17768117723745203
SUR,2010,560.0,0.2641515750415868
SUR,2011,600.0,0.06899287148695166
SUR,2012,630.0,0.04879016416943216
SUR,2013,650.0,0.031252543504104224
SUR,2014,730.0,0.11607217125275415
SUR,2015,840.0,0.1403573576949224
SUR,2016,940.0,0.11247798342669046
SUR,2017,930.0,-0.010695289116748441
SUR,2018,930.0,0.0
SUR,2019,930.0,0.0
SUR,2020,930.0,0.0
SVK,1993,2770.0,
SVK,1994,3490.0,0.23105441601508758
SVK,1995,3570.0,0.02266385957721262
SVK,1996,2370.0,-0.4096756406445081
SVK,1997,2620.0,0.10028436262596596
SVK,1998,2010.0,-0.26503959570202085
SVK,1999,2270.0,0.12164510942232631
SVK,2000,2250.0,-0.008849615276981915
SVK,2001,2530.0,0.11728908652310022
SVK,2002,2580.0,0.019570096194096998
SVK,2003,2530.0,-0.019570096194096998
SVK,2004,2780.0,0.09423162496311654
SVK,2005,2650.0,-0.047891287704414864
SVK,2006,2980.0,0.11736366051918257
SVK,2007,3190.0,0.06809761627943978
SVK,2008,2730.0,-0.15571930759988462
SVK,2009,2580.0,-0.05651221026334241
SVK,2010,2310.0,-0.1105418743998241
SVK,2011,2770.0,0.1815997956655453
SVK,2012,3260.0,0.1628798751793692
SVK,2013,3090.0,-0.05355610446896186
SVK,2014,3180.0,0.02871010588243017
SVK,2015,3280.0,0.030962225603968108
SVK,2016,4040.0,0.20840126957700633
SVK,2017,4520.0,0.11226730187108025
SVK,2018,4160.0,-0.08299691957096833
SVK,2019,4550.0,0.08961215868968786
SVK,2020,4550.0,0.0
SVN,1992,1010.0,
SVN,1993,950.0,-0.061243625240718025
SVN,1994,1020.0,0.07109592168372991
SVN,1995,1040.0,0.019418085857101808
SVN,1996,1030.0,-0.009661910911736626
SVN,1997,1090.0,0.05661889399950759
SVN,1998,1020.0,-0.06637506894487277
SVN,1999,1350.0,0.28030196515415895
SVN,2000,1290.0,-0.04546237407675768
SVN,2001,1310.0,0.015384918839479234
SVN,2002,1400.0,0.06644509940815269
SVN,2003,1340.0,-0.04380262265839274
SVN,2004,1510.0,0.11944003686401317
SVN,2005,1320.0,-0.1344779142285537
SVN,2006,1380.0,0.04445176257083361
SVN,2007,1230.0,-0.11506932978478712
SVN,2008,1220.0,-0.008163310639160315
SVN,2009,1090.0,-0.1126731625041133
SVN,2010,830.0,-0.2725072744325461
SVN,2011,1070.0,0.2539882266653084
SVN,2012,950.0,-0.11895194286136501
SVN,2013,1000.0,0.05129329438755015
SVN,2014,1050.0,0.04879016416943216
SVN,2015,1100.0,0.04652001563489261
SVN,2016,1310.0,0.1747169574087355
SVN,2017,1150.0,-0.130265194837901
SVN,2018,1380.0,0.182321556793954
SVN,2019,1380.0,0.0
SVN,2020,1380.0,0.0
SWE,1961,6610.0,
SWE,1962,6030.0,-0.09183664312450013
SWE,1963,6340.0,0.05013175771004086
SWE,1964,6550.0,0.03258628119802509
SWE,1965,5720.0,-0.1354962442554548
SWE,1966,6070.0,0.05938979967970148
SWE,1967,5370.0,-0.12253069655063342
SWE,1968,5580.0,0.03836086787244497
SWE,1969,5900.0,0.05576357451845482
SWE,1970,5240.0,-0.11863085257872363
SWE,1971,5390.0,0.028223886587955604
SWE,1972,5350.0,-0.007448824012989519
SWE,1973,6070.0,0.12626204416349118
SWE,1974,6180.0,0.01795966639819291
SWE,1975,7030.0,0.1288684343529738
SWE,1976,6470.0,-0.08301059730976412
SWE,1977,6110.0,-0.057249335329306206
SWE,1978,6200.0,0.014622518867541956
SWE,1979,6280.0,0.012820688429060922
SWE,1980,6930.0,0.09848983272170564
SWE,1981,7010.0,0.011477887844685952
SWE,1982,8140.0005,0.14945254039301048
SWE,1983,7220.0,-0.11993528853477287
SWE,1984,7880.0,0.08747295096505248
SWE,1985,9010.0,0.1340071677504593
SWE,1986,10370.0,0.14058195062118806
SWE,1987,10760.0,0.036918532492203227
SWE,1988,14040.0,0.26607484386402547
SWE,1989,14580.0,0.03774032798284743
SWE,1990,14830.0,0.01700142956932993
SWE,1991,13070.0,-0.12633262851371008
SWE,1992,12260.0,-0.06397759712806561
SWE,1993,11570.0,-0.057926389302480175
SWE,1994,11580.0,0.0008639309392641792
SWE,1995,11180.0,-0.03515300441789648
SWE,1996,11470.0,0.025608463414325655
SWE,1997,10280.0,-0.1095346711142593
SWE,1998,8890.0,-0.14527321050120712
SWE,1999,8610.0,-0.03200273108617324
SWE,2000,7880.0,-0.08859641456985123
SWE,2001,8430.0,0.06746886814397612
SWE,2002,7880.0,-0.06746886814397612
SWE,2003,8760.0,0.10586800107851246
SWE,2004,9370.0,0.0673171913020294
SWE,2005,9320.0,-0.005350467552830196
SWE,2006,9840.0,0.054293082366662304
SWE,2007,7800.0,-0.23233197736861655
SWE,2008,8880.0,0.1296778233085334
SWE,2009,9840.0,0.10265415406008316
SWE,2010,12480.0,0.23767165187712003
SWE,2011,15560.0,0.2205761558089634
SWE,2012,15920.0,0.02287266166599089
SWE,2013,23680.0,0.39705462959956783
SWE,2014,23720.0,0.0016877641137202914
SWE,2015,22920.0,-0.034308682282985004
SWE,2016,25910.0,0.12261910272747834
SWE,2017,24470.0,-0.05718111711943763
SWE,2018,24470.0,0.0
SWE,2019,24470.0,0.0
SWE,2020,24470.0,0.0
SWZ,1961,0.0,
SWZ,1962,0.0,
SWZ,1963,0.0,
SWZ,1964,0.0,
SWZ,1965,0.0,
SWZ,1966,0.0,
SWZ,1967,0.0,
SWZ,1968,50.0,inf
SWZ,1969,50.0,0.0
SWZ,1970,50.0,0.0
SWZ,1971,50.0,0.0
SWZ,1972,50.0,0.0
SWZ,1973,50.0,0.0
SWZ,1974,50.0,0.0
SWZ,1975,50.0,0.0
SWZ,1976,50.0,0.0
SWZ,1977,50.0,0.0
SWZ,1978,40.0,-0.2231435513142097
SWZ,1979,60.0,0.40546510810816416
SWZ,1980,70.0,0.15415067982725894
SWZ,1981,70.0,0.0
SWZ,1982,80.0,0.13353139262452185
SWZ,1983,80.0,0.0
SWZ,1984,90.0,0.11778303565638382
SWZ,1985,90.0,0.0
SWZ,1986,100.0,0.10536051565782678
SWZ,1987,100.0,0.0
SWZ,1988,110.0,0.09531017980432477
SWZ,1989,110.0,0.0
SWZ,1990,110.0,0.0
SWZ,1991,110.0,0.0
SWZ,1992,100.0,-0.09531017980432477
SWZ,1993,110.0,0.09531017980432477
SWZ,1994,120.0,0.08701137698962924
SWZ,1995,140.0,0.15415067982725805
SWZ,1996,140.0,0.0
SWZ,1997,110.0,-0.2411620568168873
SWZ,1998,130.0,0.16705408466316563
SWZ,1999,110.0,-0.16705408466316563
SWZ,2000,110.0,0.0
SWZ,2001,120.0,0.08701137698962924
SWZ,2002,60.0,-0.6931471805599454
SWZ,2003,60.0,0.0
SWZ,2004,60.0,0.0
SWZ,2005,60.0,0.0
SWZ,2006,60.0,0.0
SWZ,2007,50.0,-0.18232155679395445
SWZ,2008,40.0,-0.2231435513142097
SWZ,2009,100.0,0.9162907318741556
SWZ,2010,270.0,0.9932517730102832
SWZ,2011,160.0,-0.5232481437645484
SWZ,2012,160.0,0.0
SWZ,2013,160.0,0.0
SWZ,2014,170.0,0.060624621816435464
SWZ,2015,170.0,0.0
SWZ,2016,170.0,0.0
SWZ,2017,170.0,0.0
SWZ,2018,170.0,0.0
SWZ,2019,170.0,0.0
SWZ,2020,170.0,0.0
SYC,2010,,
SYC,2011,,
SYC,2012,,
SYC,2013,,
SYC,2014,,
SYC,2015,,
SYC,2016,,
SYC,2017,,
SYC,2018,,
SYC,2019,,
SYC,2020,,
SYR,2010,12290.0,
SYR,2011,10750.0,-0.13388016900427147
SYR,2012,9200.0,-0.15570227051867747
SYR,2013,6800.0,-0.3022808718729344
SYR,2014,5600.0,-0.19415601444095643
SYR,2015,4900.0,-0.13353139262452274
SYR,2016,5000.0,0.020202707317519497
SYR,2017,4850.0,-0.030459207484708983
SYR,2018,4730.0,-0.025053502445549825
SYR,2019,4750.0,0.004219415542706884
SYR,2020,4750.0,0.0
TCD,1961,45000.0,
TCD,1962,45000.0,0.0
TCD,1963,45000.0,0.0
TCD,1964,50000.0,0.10536051565782678
TCD,1965,55000.0,0.09531017980432388
TCD,1966,60000.0,0.08701137698963102
TCD,1967,60000.0,0.0
TCD,1968,65000.0,0.08004270767353638
TCD,1969,65000.0,0.0
TCD,1970,70000.0,0.07410797215372078
TCD,1971,70000.0,0.0
TCD,1972,70000.0,0.0
TCD,1973,70000.0,0.0
TCD,1974,75000.0,0.06899287148695166
TCD,1975,75000.0,0.0
TCD,1976,75000.0,0.0
TCD,1977,80000.0,0.06453852113757108
TCD,1978,75000.0,-0.06453852113757108
TCD,1979,70000.0,-0.06899287148695166
TCD,1980,60000.0,-0.15415067982725716
TCD,1981,55000.0,-0.08701137698963102
TCD,1982,30000.0,-0.6061358035703144
TCD,1983,40000.0,0.2876820724517799
TCD,1984,50000.0,0.2231435513142106
TCD,1985,55000.0,0.09531017980432388
TCD,1986,60000.0,0.08701137698963102
TCD,1987,70000.0,0.15415067982725716
TCD,1988,58000.0,-0.18805223150293848
TCD,1989,64400.0,0.10467062256388893
TCD,1990,70000.0,0.08338160893904956
TCD,1991,60000.0,-0.15415067982725716
TCD,1992,80000.0,0.2876820724517799
TCD,1993,87300.0,0.08732382817167483
TCD,1994,80000.0,-0.08732382817167483
TCD,1995,90000.0,0.11778303565638382
TCD,1996,100000.0,0.10536051565782678
TCD,1997,85000.0,-0.16251892949777513
TCD,1998,51300.0,-0.5049605043135923
TCD,1999,59600.0,0.14996482189457971
TCD,2000,83200.0,0.3335917737558596
TCD,2001,75000.0,-0.10375923429085354
TCD,2002,70000.0,-0.06899287148695166
TCD,2003,65000.0,-0.07410797215372078
TCD,2004,60000.0,-0.08004270767353638
TCD,2005,55000.0,-0.08701137698963102
TCD,2006,50000.0,-0.09531017980432388
TCD,2007,45000.0,-0.10536051565782678
TCD,2008,40000.0,-0.11778303565638382
TCD,2009,40000.0,0.0
TCD,2010,91030.0,0.8223096684032623
TCD,2011,95030.0,0.04300350870602543
TCD,2012,100030.0,0.05127750977386647
TCD,2013,120060.0,0.1825214768266079
TCD,2014,120080.0,0.00016656950150917282
TCD,2015,100150.0,-0.18148912521338012
TCD,2016,110090.0,0.0946291509704853
TCD,2017,107480.0,-0.023993429335021688
TCD,2018,107090.0,-0.0036351813345074646
TCD,2019,107090.0,0.0
TCD,2020,107090.0,0.0
TGO,1961,1700.0,
TGO,1962,2000.0,0.16251892949777513
TGO,1963,2000.0,0.0
TGO,1964,2000.0,0.0
TGO,1965,2300.0,0.13976194237515926
TGO,1966,2500.0,0.08338160893905044
TGO,1967,2500.0,0.0
TGO,1968,3000.0,0.182321556793954
TGO,1969,3000.0,0.0
TGO,1970,2500.0,-0.182321556793954
TGO,1971,3000.0,0.182321556793954
TGO,1972,3000.0,0.0
TGO,1973,3000.0,0.0
TGO,1974,3000.0,0.0
TGO,1975,3000.0,0.0
TGO,1976,3510.0,0.15700374880966628
TGO,1977,3670.0,0.04457562458870434
TGO,1978,3670.0,0.0
TGO,1979,3500.0,-0.04742869357111168
TGO,1980,3500.0,0.0
TGO,1981,3500.0,0.0
TGO,1982,3500.0,0.0
TGO,1983,3510.0,0.0028530689824073363
TGO,1984,3560.0,0.014144507386163241
TGO,1985,3550.0,-0.002812941376614475
TGO,1986,3550.0,0.0
TGO,1987,3680.0,0.0359651486935153
TGO,1988,3530.0,-0.04161488123563295
TGO,1989,4550.0,0.2538293620176528
TGO,1990,4980.0,0.09030265807370164
TGO,1991,4960.0,-0.0040241502997240275
TGO,1992,5690.0,0.137304507401403
TGO,1993,6190.0,0.08422483855826535
TGO,1994,5300.0,-0.15522826613842966
TGO,1995,5050.0,-0.04831857727080724
TGO,1996,5040.0,-0.001982161203990529
TGO,1997,5120.0,0.01574835696813892
TGO,1998,5060.0,-0.011787955752042834
TGO,1999,5130.0,0.013739175883303645
TGO,2000,5440.0,0.05867340168517465
TGO,2001,5820.0,0.06752120087549507
TGO,2002,5700.0,-0.02083408690284294
TGO,2003,5500.0,-0.03571808260207909
TGO,2004,7280.0,0.28038276997016887
TGO,2005,6290.0,-0.14616979149624498
TGO,2006,6140.0,-0.02413632855329695
TGO,2007,5640.0,-0.08494067664908478
TGO,2008,5860.0,0.03826553807895472
TGO,2009,6120.0,0.04341249293531213
TGO,2010,6410.0,0.04629717440834469
TGO,2011,6030.0,-0.06111226019348415
TGO,2012,5060.0,-0.17538052743972088
TGO,2013,5370.0,0.05946142522140008
TGO,2014,5300.0,-0.013121087962698397
TGO,2015,5290.0,-0.001888574687868072
TGO,2016,6170.0,0.1538805920470896
TGO,2017,6650.0,0.07491801675046617
TGO,2018,6650.0,0.0
TGO,2019,6650.0,0.0
TGO,2020,6650.0,0.0
THA,1961,69100.0,
THA,1962,66300.0,-0.04136483358180776
THA,1963,92000.0,0.327598679857223
THA,1964,78910.0,-0.15348061451609674
THA,1965,81720.0,0.03499080741647731
THA,1966,83520.0,0.02178735418490696
THA,1967,81530.0,-0.024115073459508807
THA,1968,81130.0,-0.00491824426784504
THA,1969,85840.0,0.056432291915468724
THA,1970,98040.0,0.1328904603374692
THA,1971,102160.0,0.04116465306437256
THA,1972,124970.0,0.2015334967734077
THA,1973,135370.0,0.07993806170000184
THA,1974,154770.0,0.13392837372697386
THA,1975,155660.0,0.005733997606574448
THA,1976,144690.0,-0.07308061878225125
THA,1977,120380.0,-0.1839401166293655
THA,1978,139460.0,0.14712441567323964
THA,1979,131039.99,-0.06227527800068522
THA,1980,142340.0,0.08271601807894591
THA,1981,162250.0,0.13091979371307438
THA,1982,131400.0,-0.2108922495336909
THA,1983,151830.0,0.14451536784358687
THA,1984,159010.0,0.046205619430208955
THA,1985,161070.0,0.01287195977828226
THA,1986,183600.0,0.13092042508380253
THA,1987,168330.0,-0.08683313975539875
THA,1988,187880.0,0.10987712272780392
THA,1989,204540.0,0.08496009421907225
THA,1990,227520.0,0.1064745912370082
THA,1991,254890.0,0.11359393292662823
THA,1992,269080.0,0.05417665361590096
THA,1993,330050.0,0.2042354249773748
THA,1994,370110.0,0.11455610061670285
THA,1995,383400.0,0.03527857186006145
THA,1996,430280.0,0.11535732895226047
THA,1997,438340.0,0.01855870538976845
THA,1998,429530.0,-0.020303277307332834
THA,1999,455470.0,0.05863826519434667
THA,2000,469680.0,0.030721758915344566
THA,2001,473520.0,0.008142538626538354
THA,2002,484950.0,0.023851642457081823
THA,2003,538920.0,0.10552134404809621
THA,2004,703270.0,0.2661737494664802
THA,2005,714780.0,0.016233916685196803
THA,2006,722720.0,0.011047068866968601
THA,2007,723790.0,0.0014794231566455096
THA,2008,723330.0,-0.0006357455020928882
THA,2009,710910.0,-0.01731971004829802
THA,2010,625510.0,-0.12797852252314357
THA,2011,598660.0,-0.04387349271483387
THA,2012,668760.0,0.11073142709487449
THA,2013,639240.0,-0.04514528065253742
THA,2014,592220.0,-0.07640178324549218
THA,2015,591290.0,-0.001571596676695819
THA,2016,562540.0,-0.04984434813330907
THA,2017,565310.0,0.004912010585645277
THA,2018,573180.0,0.013825550262916764
THA,2019,559890.0,-0.02345946764682516
THA,2020,559890.0,0.0
TJK,1992,2020.0,
TJK,1993,2710.0,0.29385112347849685
TJK,1994,1110.0,-0.8925886195673671
TJK,1995,380.0,-1.0719440415859482
TJK,1996,200.0,-0.6418538861723952
TJK,1997,190.0,-0.05129329438755015
TJK,1998,220.0,0.1466034741918758
TJK,1999,220.0,0.0
TJK,2000,250.0,0.12783337150988405
TJK,2001,240.0,-0.04082199452025481
TJK,2002,320.0,0.2876820724517808
TJK,2003,330.0,0.030771658666753687
TJK,2004,210.0,-0.4519851237430572
TJK,2005,190.0,-0.10008345855698231
TJK,2006,240.0,0.23361485118150505
TJK,2007,250.0,0.04082199452025481
TJK,2008,410.0,0.49469624183610783
TJK,2009,790.0,0.6558757857627135
TJK,2010,1210.0,0.42634269312971895
TJK,2011,1380.0,0.13146313956046374
TJK,2012,990.0,-0.3321338350226144
TJK,2013,1580.0,0.4674751828923771
TJK,2014,1620.0,0.025001302205416742
TJK,2015,1630.0,0.006153865574378692
TJK,2016,1540.0,-0.0567975983931337
TJK,2017,1580.0,0.025642430613338263
TJK,2018,1710.0,0.07906852347569249
TJK,2019,2450.0,0.35959465404206714
TJK,2020,2450.0,0.0
TKM,1992,33730.0,
TKM,1993,18240.0,-0.6147706644273736
TKM,1994,17270.0,-0.054646092487598
TKM,1995,11410.0,-0.4144807282846035
TKM,1996,9320.0,-0.20232753517648483
TKM,1997,8770.0,-0.06082582231340794
TKM,1998,7570.0,-0.14714373893473365
TKM,1999,9130.0,0.18737262715751868
TKM,2000,12290.0,0.29722022897106726
TKM,2001,12790.0,0.039877692012806776
TKM,2002,12850.0,0.004680195750477623
TKM,2003,14570.0,0.12562080886588411
TKM,2004,15010.0,0.029752025438257945
TKM,2005,15030.0,0.0013315581195119108
TKM,2006,15030.0,0.0
TKM,2007,15030.0,0.0
TKM,2008,15030.0,0.0
TKM,2009,15030.0,0.0
TKM,2010,15030.0,0.0
TKM,2011,15030.0,0.0
TKM,2012,15030.0,0.0
TKM,2013,15030.0,0.0
TKM,2014,15030.0,0.0
TKM,2015,15030.0,0.0
TKM,2016,15050.0,0.0013297874300022272
TKM,2017,15050.0,0.0
TKM,2018,15050.0,0.0
TKM,2019,15050.0,0.0
TKM,2020,15050.0,0.0
TLS,1961,0.0,
TLS,1962,0.0,
TLS,1963,0.0,
TLS,1964,0.0,
TLS,1965,0.0,
TLS,1966,0.0,
TLS,1967,0.0,
TLS,1968,0.0,
TLS,1969,0.0,
TLS,1970,0.0,
TLS,1971,0.0,
TLS,1972,0.0,
TLS,1973,0.0,
TLS,1974,0.0,
TLS,1975,0.0,
TLS,1976,0.0,
TLS,1977,0.0,
TLS,1978,0.0,
TLS,1979,0.0,
TLS,1980,0.0,
TLS,1981,0.0,
TLS,1982,0.0,
TLS,1983,0.0,
TLS,1984,0.0,
TLS,1985,0.0,
TLS,1986,0.0,
TLS,1987,0.0,
TLS,1988,0.0,
TLS,1989,0.0,
TLS,1990,0.0,
TLS,1991,0.0,
TLS,1992,0.0,
TLS,1993,0.0,
TLS,1994,0.0,
TLS,1995,0.0,
TLS,1996,0.0,
TLS,1997,0.0,
TLS,1998,0.0,
TLS,1999,0.0,
TLS,2000,0.0,
TLS,2001,0.0,
TLS,2002,0.0,
TLS,2003,0.0,
TLS,2004,20.0,inf
TLS,2005,20.0,0.0
TLS,2006,20.0,0.0
TLS,2007,30.0,0.4054651081081646
TLS,2008,50.0,0.5108256237659905
TLS,2009,50.0,0.0
TLS,2010,50.0,0.0
TLS,2011,60.0,0.18232155679395445
TLS,2012,60.0,0.0
TLS,2013,60.0,0.0
TLS,2014,60.0,0.0
TLS,2015,60.0,0.0
TLS,2016,70.0,0.15415067982725894
TLS,2017,80.0,0.13353139262452185
TLS,2018,110.0,0.31845373111853537
TLS,2019,120.0,0.08701137698962924
TLS,2020,120.0,0.0
TTO,1961,0.0,
TTO,1962,0.0,
TTO,1963,0.0,
TTO,1964,0.0,
TTO,1965,0.0,
TTO,1966,0.0,
TTO,1967,0.0,
TTO,1968,0.0,
TTO,1969,0.0,
TTO,1970,0.0,
TTO,1971,0.0,
TTO,1972,0.0,
TTO,1973,0.0,
TTO,1974,0.0,
TTO,1975,0.0,
TTO,1976,0.0,
TTO,1977,0.0,
TTO,1978,0.0,
TTO,1979,0.0,
TTO,1980,0.0,
TTO,1981,0.0,
TTO,1982,0.0,
TTO,1983,0.0,
TTO,1984,0.0,
TTO,1985,0.0,
TTO,1986,0.0,
TTO,1987,0.0,
TTO,1988,0.0,
TTO,1989,0.0,
TTO,1990,0.0,
TTO,1991,0.0,
TTO,1992,0.0,
TTO,1993,0.0,
TTO,1994,0.0,
TTO,1995,20.0,inf
TTO,1996,20.0,0.0
TTO,1997,10.0,-0.693147180559945
TTO,1998,10.0,0.0
TTO,1999,10.0,0.0
TTO,2000,20.0,0.693147180559945
TTO,2001,10.0,-0.693147180559945
TTO,2002,10.0,0.0
TTO,2003,10.0,0.0
TTO,2004,30.0,1.0986122886681096
TTO,2005,30.0,0.0
TTO,2006,30.0,0.0
TTO,2007,40.0,0.2876820724517808
TTO,2008,70.0,0.5596157879354231
TTO,2009,50.0,-0.3364722366212134
TTO,2010,10.0,-1.6094379124341
TTO,2011,10.0,0.0
TTO,2012,10.0,0.0
TTO,2013,10.0,0.0
TTO,2014,10.0,0.0
TTO,2015,20.0,0.693147180559945
TTO,2016,10.0,-0.693147180559945
TTO,2017,20.0,0.693147180559945
TTO,2018,20.0,0.0
TTO,2019,20.0,0.0
TTO,2020,20.0,0.0
TUN,1961,100.0,
TUN,1962,100.0,0.0
TUN,1963,100.0,0.0
TUN,1964,200.0,0.6931471805599445
TUN,1965,400.0,0.6931471805599454
TUN,1966,200.0,-0.6931471805599454
TUN,1967,200.0,0.0
TUN,1968,200.0,0.0
TUN,1969,200.0,0.0
TUN,1970,210.0,0.04879016416943216
TUN,1971,200.0,-0.04879016416943216
TUN,1972,270.0,0.3001045924503387
TUN,1973,300.0,0.10536051565782589
TUN,1974,260.0,-0.14310084364067333
TUN,1975,190.0,-0.31365755885504143
TUN,1976,150.0,-0.23638877806423064
TUN,1977,250.0,0.5108256237659905
TUN,1978,300.0,0.1823215567939549
TUN,1979,300.0,0.0
TUN,1980,660.0,0.7884573603642702
TUN,1981,590.0,-0.11211729812070637
TUN,1982,470.0,-0.22738984219566039
TUN,1983,520.0,0.10109611687136866
TUN,1984,400.0,-0.2623642644674913
TUN,1985,220.0,-0.5978370007556197
TUN,1986,270.0,0.20479441264601306
TUN,1987,230.0,-0.16034265007517945
TUN,1988,250.0,0.08338160893905044
TUN,1989,380.0,0.41871033485818554
TUN,1990,580.0,0.42285685082003344
TUN,1991,340.0,-0.5340824859302575
TUN,1992,480.0,0.34484048629172914
TUN,1993,770.0,0.47260441094579253
TUN,1994,910.0,0.1670540846631665
TUN,1995,830.0,-0.09201889872025237
TUN,1996,1300.0,0.4486938426589848
TUN,1997,1740.0,0.2915208487589469
TUN,1998,1690.0,-0.029156584291455623
TUN,1999,1610.0,-0.04849434993861035
TUN,2000,1480.0,-0.08419209122034843
TUN,2001,1510.0,0.02006756305080959
TUN,2002,1640.0,0.08258659100927357
TUN,2003,1570.0,-0.04362062247589016
TUN,2004,1860.0,0.1695008683648931
TUN,2005,1980.0,0.0625203569813344
TUN,2006,2060.0,0.03960913809504607
TUN,2007,2040.0,-0.009756174945365181
TUN,2008,2150.0,0.05251803428344637
TUN,2009,2120.0,-0.014051753455650129
TUN,2010,2030.0,-0.04338029563022516
TUN,2011,1580.0,-0.25061094601482026
TUN,2012,1760.0,0.10788896201118447
TUN,2013,1780.0,0.011299555253933669
TUN,2014,1900.0,0.06524052186840112
TUN,2015,2150.0,0.12361395596717628
TUN,2016,2240.0,0.04100802372737711
TUN,2017,2410.0,0.07315088163561523
TUN,2018,1210.0,-0.6890063878939143
TUN,2019,1330.0,0.09455858262501327
TUN,2020,1330.0,0.0
TUR,1961,6380.0,
TUR,1962,8200.0,0.2509660569135086
TUR,1963,7420.0,-0.09995509709091799
TUR,1964,7250.0,-0.023177588312705666
TUR,1965,6780.0,-0.06702436691427849
TUR,1966,8920.0,0.27431884463961254
TUR,1967,7050.0,-0.23526832976773981
TUR,1968,8510.0,0.18821432576110553
TUR,1969,12950.0,0.4198538455602634
TUR,1970,11870.0,-0.08708157952396967
TUR,1971,12310.0,0.03639773157478565
TUR,1972,14680.0,0.1760740829900076
TUR,1973,13410.0,-0.09048532589278402
TUR,1974,12530.0,-0.06787492838560993
TUR,1975,17390.0,0.32776955945821484
TUR,1976,16450.0,-0.055569851154810834
TUR,1977,14050.0,-0.1577030814316256
TUR,1978,18260.0,0.26209047938706753
TUR,1979,17120.0,-0.06446550445322607
TUR,1980,26420.0,0.43387392838058325
TUR,1981,25840.0,-0.022197620179778
TUR,1982,26920.0,0.04094582586212603
TUR,1983,32000.0,0.17286639802319925
TUR,1984,38680.0,0.1895867677853662
TUR,1985,38040.0,-0.016684432907903002
TUR,1986,37510.0,-0.014030673583393494
TUR,1987,39760.0,0.05825381769457749
TUR,1988,46560.0,0.1578804216348093
TUR,1989,43680.0,-0.06385147198653307
TUR,1990,40340.0,-0.07954679891058447
TUR,1991,43530.0,0.07610682303814009
TUR,1992,46340.0,0.06255516344002388
TUR,1993,50440.0,0.08477899209248996
TUR,1994,50500.0,0.001188825184595288
TUR,1995,55530.0,0.0949500789722002
TUR,1996,58250.0,0.04782067719229488
TUR,1997,74450.0,0.24538366668420863
TUR,1998,85200.0,0.13487367470525058
TUR,1999,85060.0,-0.0016445440097818675
TUR,2000,83260.0,-0.021388648058657367
TUR,2001,76260.0,-0.08781968733741152
TUR,2002,72820.0,-0.04615791168213157
TUR,2003,79820.0,0.09178345687330136
TUR,2004,84600.0,0.058160166991589435
TUR,2005,88580.0,0.045971831882875236
TUR,2006,93430.0,0.053306394309810656
TUR,2007,96770.0,0.035124536087987934
TUR,2008,102470.0,0.057233043918774484
TUR,2009,113000.0,0.09781774590071457
TUR,2010,118730.0,0.04946418896536109
TUR,2011,137020.0,0.1432748928970522
TUR,2012,145530.0,0.060255350350480796
TUR,2013,155920.0,0.06896080427407014
TUR,2014,141490.0,-0.09711401199144376
TUR,2015,136600.0,-0.035172096071171666
TUR,2016,134650.0,-0.014378127879082214
TUR,2017,134950.0,0.0022255202064069834
TUR,2018,138220.0,0.023942279199234306
TUR,2019,150810.0,0.0871741477093444
TUR,2020,150810.0,0.0
TWN,1961,45630.0,
TWN,1962,37760.0,-0.1893150536620123
TWN,1963,38400.0,0.016807118316382486
TWN,1964,43990.0,0.135904875766947
TWN,1965,40910.0,-0.0725878034193208
TWN,1966,44330.0,0.08028711681565426
TWN,1967,39760.0,-0.10880026696858813
TWN,1968,37510.0,-0.05825381769457749
TWN,1969,39130.0,0.04228187212852497
TWN,1970,51110.0,0.26709073655786675
TWN,1971,57240.0,0.11327278190806211
TWN,1972,56540.0,-0.012304602422805289
TWN,1973,76040.0,0.2963111653547834
TWN,1974,77250.0,0.015787398157627308
TWN,1975,88380.0,0.1345987839247389
TWN,1976,92480.0,0.04534670522147266
TWN,1977,93840.0,0.01459879942115272
TWN,1978,108170.0,0.1421128592969776
TWN,1979,127010.0,0.16056175987402987
TWN,1980,122050.0,-0.0398350266772578
TWN,1981,142230.0,0.15301466874316638
TWN,1982,147870.0,0.03888804380325972
TWN,1983,162720.0,0.09569742291485461
TWN,1984,160000.0,-0.01685711706642401
TWN,1985,162050.0,0.012731114353730533
TWN,1986,154140.0,-0.05004364923770943
TWN,1987,160590.0,0.04099325272355259
TWN,1988,186110.0,0.14748336368247195
TWN,1989,150050.0,-0.21536932486949567
TWN,1990,234960.0,0.448446715003989
TWN,1991,182660.0,-0.2517887856268324
TWN,1992,156890.0,-0.15208157841866843
TWN,1993,181580.0,0.14615140509874713
TWN,1994,191940.0,0.05548649524586935
TWN,1995,178450.0,-0.07287437325331148
TWN,1996,161780.0,-0.09807106234636365
TWN,1997,158470.0,-0.02067208663508957
TWN,1998,140460.0,-0.12064255022384174
TWN,1999,153130.0,0.08636448309624178
TWN,2000,145970.0,-0.04788611268462972
TWN,2001,200020.0,0.3150162404058836
TWN,2002,215360.0,0.07389368490799342
TWN,2003,222470.0,0.03248121459867903
TWN,2004,200730.0,-0.10283153959220748
TWN,2005,184300.0,-0.08539585678705741
TWN,2006,170970.0,-0.07507676216076042
TWN,2007,180480.0,0.05413186579467677
TWN,2008,173260.0,-0.040826611847700534
TWN,2009,158680.0,-0.08790376081586437
TWN,2010,164570.0,0.03644641596116216
TWN,2011,160360.0,-0.025914723832984876
TWN,2012,181980.0,0.1264755031542375
TWN,2013,176480.0,-0.030689235423352557
TWN,2014,161960.0,-0.08585816434123039
TWN,2015,150320.0,-0.07458303605875116
TWN,2016,128800.0,-0.15450554143495587
TWN,2017,137420.0,0.06478111593267499
TWN,2018,145730.0,0.05871366494267605
TWN,2019,153090.0,0.049270389198385445
TWN,2020,153090.0,0.0
TZA,1961,55000.0,
TZA,1962,54000.0,-0.018349138668195764
TZA,1963,65000.0,0.18540322333136317
TZA,1964,77600.0,0.1771801572935363
TZA,1965,80900.0,0.041646396875272274
TZA,1966,73000.0,-0.10275438291605532
TZA,1967,99000.0,0.3046604089861997
TZA,1968,120100.0,0.19320487895134697
TZA,1969,123200.0,0.025484322013481275
TZA,1970,166400.0,0.30058547728769014
TZA,1971,159500.0,-0.0423506061622092
TZA,1972,128000.0,-0.22001365830528208
TZA,1973,139300.0,0.08459961686614292
TZA,1974,147710.0,0.05862101126674801
TZA,1975,160370.0,0.08223275346820813
TZA,1976,190780.0,0.173637286196346
TZA,1977,223870.0,0.15994459452272736
TZA,1978,163780.0,-0.31254146239774805
TZA,1979,146440.0,-0.1119082755900056
TZA,1980,189900.0,0.2598818295662042
TZA,1981,191760.0,0.009746972307889123
TZA,1982,200750.0,0.04581576270074095
TZA,1983,205720.0,0.02445566807984534
TZA,1984,237320.0,0.14289342048372689
TZA,1985,257900.0,0.08316247149685552
TZA,1986,265770.0,0.03005936020475275
TZA,1987,303430.0,0.13251966830130968
TZA,1988,343760.0,0.12479279807337917
TZA,1989,327530.0,-0.048364085533302514
TZA,1990,357330.0,0.08708007062748102
TZA,1991,272370.0,-0.27149828850914304
TZA,1992,275500.0,0.011426192541193814
TZA,1993,294780.0,0.06764168681564264
TZA,1994,247760.0,-0.17376877974366423
TZA,1995,317230.0,0.24716652717716414
TZA,1996,262480.0,-0.18945217418926497
TZA,1997,306950.0,0.15650997922065812
TZA,1998,300200.0,-0.022235948674143913
TZA,1999,260200.02,-0.14299827625700878
TZA,2000,271210.0,0.041442785600432686
TZA,2001,283650.0,0.04484765522979117
TZA,2002,274490.0,-0.032826253359070634
TZA,2003,301860.0,0.09504850331777703
TZA,2004,312050.0,0.033200097648769855
TZA,2005,320580.0,0.026968423817683274
TZA,2006,292530.0,-0.0915646296825976
TZA,2007,380640.0,0.2632868210395092
TZA,2008,281700.0,-0.3010113716723204
TZA,2009,288150.0,0.022638503000347754
TZA,2010,293260.0,0.017578409666258565
TZA,2011,291320.0,-0.006637268199218838
TZA,2012,318090.0,0.08791204225610194
TZA,2013,318210.0,0.00037718057967239815
TZA,2014,282170.0,-0.12020181600110114
TZA,2015,313670.0,0.10583175166897796
TZA,2016,316750.0,0.009771341347882156
TZA,2017,342530.0,0.07824642590601982
TZA,2018,342530.0,0.0
TZA,2019,342530.0,0.0
TZA,2020,342530.0,0.0
UGA,1961,61200.0,
UGA,1962,64500.0,0.05251803428344637
UGA,1963,69600.0,0.07609934353864745
UGA,1964,70500.0,0.012848142477848157
UGA,1965,76300.0,0.07906022847218885
UGA,1966,83300.0,0.08777561088238528
UGA,1967,99600.0,0.178713615417756
UGA,1968,108400.0,0.08466592441499365
UGA,1969,125300.0,0.14488277289647655
UGA,1970,129000.0,0.029101542459649465
UGA,1971,137000.0,0.06016852146645313
UGA,1972,166000.0,0.1920068625284177
UGA,1973,169500.0,0.020865138463960875
UGA,1974,167500.0,-0.011869575555383705
UGA,1975,188000.0,0.11545861156482928
UGA,1976,152400.0,-0.20993331957740402
UGA,1977,219220.0,0.36356714853503114
UGA,1978,223830.0,0.020811043363956117
UGA,1979,179930.0,-0.21831894878710578
UGA,1980,165840.0,-0.08154441823690384
UGA,1981,166590.0,0.004512235794102537
UGA,1982,170030.0,0.020439188147769016
UGA,1983,172000.0,0.011519584744057454
UGA,1984,212330.0,0.21064719138025012
UGA,1985,160830.0,-0.2777937616861461
UGA,1986,197630.0,0.20604868914478658
UGA,1987,200040.0,0.012120750898359844
UGA,1988,214330.0,0.06899953679833892
UGA,1989,212250.0,-0.009752058157584287
UGA,1990,245280.0,0.14463558993204728
UGA,1991,214630.0,-0.13348479972993132
UGA,1992,264980.0,0.21073873604640347
UGA,1993,219900.0,-0.18648145387926185
UGA,1994,213310.0,-0.03042639085698795
UGA,1995,208980.0,-0.020507953097762766
UGA,1996,195300.0,-0.06770171572333084
UGA,1997,218390.0,0.11174561739404787
UGA,1998,220950.0,0.01165397630006737
UGA,1999,226570.0,0.025117516372613835
UGA,2000,220180.0,-0.028608554307105294
UGA,2001,223090.0,0.013129883842301737
UGA,2002,226810.0,0.01653738510778524
UGA,2003,247310.0,0.08652994783402335
UGA,2004,377330.0,0.42247752570736985
UGA,2005,427570.0,0.12499788152876512
UGA,2006,399490.0,-0.06792928405857346
UGA,2007,482610.0,0.18902014046639692
UGA,2008,455750.0,-0.057264460511554205
UGA,2009,488650.0,0.06970207322607358
UGA,2010,508810.0,0.040428179135977516
UGA,2011,523130.0,0.027755333222280854
UGA,2012,503540.0,-0.03816684624723443
UGA,2013,517310.0,0.02697915506922577
UGA,2014,572220.0,0.10088122485378115
UGA,2015,513789.97,-0.10770896954811526
UGA,2016,507300.0,-0.012712018698117333
UGA,2017,501970.0,-0.010562187622847219
UGA,2018,543090.0,0.07873469510616538
UGA,2019,706170.0,0.2625809496523832
UGA,2020,706170.0,0.0
UKR,1992,95560.0,
UKR,1993,81030.0,-0.16493486598497498
UKR,1994,62510.0,-0.2594929125289127
UKR,1995,49310.0,-0.23719964370768665
UKR,1996,43630.0,-0.12238191310051683
UKR,1997,38320.0,-0.12977303403285845
UKR,1998,36730.0,-0.04237809327108266
UKR,1999,47810.0,0.263640962806436
UKR,2000,43980.0,-0.08349983751139689
UKR,2001,54780.0,0.21959017870831588
UKR,2002,48460.0,-0.12258644844655109
UKR,2003,49280.0,0.01677960383688415
UKR,2004,37650.0,-0.2691853649793625
UKR,2005,46350.0,0.2078883377659615
UKR,2006,34160.0,-0.3051659230914936
UKR,2007,49190.0,0.36463498188687815
UKR,2008,38040.0,-0.25705211313005805
UKR,2009,37860.0,-0.004743091896013851
UKR,2010,34520.0,-0.0923562795659496
UKR,2011,41590.0,0.18632088753959408
UKR,2012,33260.0,-0.2235042799900384
UKR,2013,58270.0,0.5607319073902008
UKR,2014,49070.0,-0.1718395310531715
UKR,2015,51230.0,0.04307744784929923
UKR,2016,57420.0,0.11406737674180789
UKR,2017,57010.0,-0.007165983649427332
UKR,2018,54180.0,-0.05091485438654253
UKR,2019,50250.0,-0.07530128971776406
UKR,2020,50250.0,0.0
URY,1961,0.0,
URY,1962,0.0,
URY,1963,0.0,
URY,1964,0.0,
URY,1965,0.0,
URY,1966,0.0,
URY,1967,0.0,
URY,1968,0.0,
URY,1969,0.0,
URY,1970,0.0,
URY,1971,0.0,
URY,1972,0.0,
URY,1973,0.0,
URY,1974,300.0,inf
URY,1975,250.0,-0.1823215567939549
URY,1976,180.0,-0.3285040669720356
URY,1977,320.0,0.5753641449035616
URY,1978,470.0,0.38441169891033233
URY,1979,580.0,0.21029540883636066
URY,1980,310.0,-0.6264558060612728
URY,1981,320.0,0.031748698314579826
URY,1982,190.0,-0.5212969236332858
URY,1983,60.0,-1.1526795099383857
URY,1984,440.0,1.992430164690206
URY,1985,660.0,0.4054651081081646
URY,1986,750.0,0.12783337150988494
URY,1987,1120.0,0.40101075775878403
URY,1988,200.0,-1.7227665977411037
URY,1989,270.0,0.3001045924503387
URY,1990,220.0,-0.20479441264601306
URY,1991,490.0,0.80077784475231
URY,1992,330.0,-0.39531273664414623
URY,1993,620.0,0.6306268235786119
URY,1994,970.0,0.44757659345829115
URY,1995,850.0,-0.13205972201306615
URY,1996,620.0,-0.315516871445225
URY,1997,2230.0,1.2800373864150272
URY,1998,1950.0,-0.13417221289637205
URY,1999,2450.0,0.22825865198097972
URY,2000,2370.0,-0.03319806940959591
URY,2001,450.0,-1.661397651364811
URY,2002,390.0,-0.14310084364067333
URY,2003,570.0,0.37948962170490397
URY,2004,2350.0,1.4165342463096087
URY,2005,2180.0,-0.07509045135507009
URY,2006,2170.0,-0.004597709248629123
URY,2007,1230.0,-0.5677129981680427
URY,2008,660.0,-0.6225296133459919
URY,2009,860.0,0.26469255422708216
URY,2010,1130.0,0.2730405224588326
URY,2011,1380.0,0.19986586644486426
URY,2012,1710.0,0.2144098713454552
URY,2013,2280.0,0.2876820724517808
URY,2014,2640.0,0.1466034741918758
URY,2015,3630.0,0.31845373111853537
URY,2016,3390.0,-0.06840272688440052
URY,2017,3520.0,0.03763106821764595
URY,2018,3520.0,0.0
URY,2019,3520.0,0.0
URY,2020,3520.0,0.0
USA,1961,253050.0,
USA,1962,253480.0,0.0016978267952296733
USA,1963,246300.0,-0.028734619328824706
USA,1964,266800.0,0.07994900891497636
USA,1965,277760.0,0.04025811743051655
USA,1966,299970.0,0.07692503818388374
USA,1967,232130.0,-0.25638491009651254
USA,1968,323440.0,0.3317160657731595
USA,1969,247760.0,-0.26655308966756763
USA,1970,323350.0,0.2662747922276534
USA,1971,276600.0,-0.15616290866194404
USA,1972,231910.0,-0.17622305386353965
USA,1973,240420.0,0.036038028508990294
USA,1974,236290.0,-0.017327529664630248
USA,1975,241000.0,0.019737069279177177
USA,1976,281980.0,0.15703921294656098
USA,1977,289230.0,0.025386072907183532
USA,1978,315940.0,0.08833010279655262
USA,1979,349870.0,0.10200933477440266
USA,1980,419310.0,0.18104884624957052
USA,1981,463430.0,0.10004484562437099
USA,1982,477190.0,0.029259385640711955
USA,1983,501690.0,0.05006766463113266
USA,1984,550560.0,0.09295354298802927
USA,1985,570990.0,0.03643575431863333
USA,1986,558370.0,-0.022349871291241996
USA,1987,533750.0,-0.04509426053372678
USA,1988,512050.0,-0.04150528802138709
USA,1989,611040.0,0.17674014695575835
USA,1990,573710.0,-0.06303838130837747
USA,1991,611850.0,0.06436311226284985
USA,1992,614920.0,0.00500502361272126
USA,1993,694660.0,0.12193033918571494
USA,1994,688840.0,-0.008413493793415938
USA,1995,807600.0,0.15905786300198343
USA,1996,694060.0,-0.15150847433751125
USA,1997,591630.0,-0.1596769726110825
USA,1998,637570.0,0.07478263543605301
USA,1999,741060.0,0.15041751875183706
USA,2000,653830.0,-0.12523421484865516
USA,2001,695930.0,0.06240170173447801
USA,2002,628760.0,-0.10149945470376309
USA,2003,692580.0,0.09667412899483807
USA,2004,707880.0,0.0218508329481093
USA,2005,758450.0,0.06900228923469598
USA,2006,632300.0,-0.18191291197311443
USA,2007,732380.0,0.1469355398806833
USA,2008,607230.0,-0.1873918729696964
USA,2009,608290.0,0.0017441099590342901
USA,2010,646290.0,0.060596577523858386
USA,2011,582900.0,-0.10323267440694295
USA,2012,517070.0,-0.11983738318997972
USA,2013,723660.0,0.33614340696168377
USA,2014,543620.0,-0.2860711954643733
USA,2015,703780.0,0.25821533396090857
USA,2016,474850.0,-0.39346684263078124
USA,2017,677420.0,0.35529249991195044
USA,2018,488430.0,-0.32709529918937896
USA,2019,601510.0,0.20824699496891164
USA,2020,601510.0,0.0
UZB,1992,28100.0,
UZB,1993,23400.0,-0.1830335539760437
UZB,1994,17650.0,-0.28200023898435056
UZB,1995,13810.0,-0.24534281595810548
UZB,1996,6500.0,-0.7535907905196098
UZB,1997,10560.0,0.48527110137652407
UZB,1998,9770.0,-0.07775681222342357
UZB,1999,8960.0,-0.08654623906785197
UZB,2000,8960.0,0.0
UZB,2001,6330.0,-0.3474699908307546
UZB,2002,5390.0,-0.16075485123517907
UZB,2003,4470.0,-0.18715697629542838
UZB,2004,4320.0,-0.034133006369458485
UZB,2005,5130.0,0.17185025692665867
UZB,2006,5230.0,0.01930561889415472
UZB,2007,5970.0,0.13233564932767905
UZB,2008,6830.0,0.13457774617818785
UZB,2009,11210.0,0.49548156350136985
UZB,2010,10730.0,-0.043762680441462365
UZB,2011,17230.0,0.47360849389723114
UZB,2012,25890.0,0.407204743223609
UZB,2013,37510.0,0.37075077033034987
UZB,2014,46390.0,0.2124763546698567
UZB,2015,59850.0,0.25475751324032814
UZB,2016,65320.0,0.08745683609828347
UZB,2017,83900.0,0.25032734537089496
UZB,2018,90980.0,0.08101408866869875
UZB,2019,121720.0,0.29108362288691225
UZB,2020,121720.0,0.0
VCT,1961,0.0,
VCT,1962,0.0,
VCT,1963,0.0,
VCT,1964,0.0,
VCT,1965,0.0,
VCT,1966,0.0,
VCT,1967,0.0,
VCT,1968,0.0,
VCT,1969,0.0,
VCT,1970,0.0,
VCT,1971,0.0,
VCT,1972,0.0,
VCT,1973,0.0,
VCT,1974,0.0,
VCT,1975,0.0,
VCT,1976,0.0,
VCT,1977,0.0,
VCT,1978,0.0,
VCT,1979,0.0,
VCT,1980,0.0,
VCT,1981,0.0,
VCT,1982,0.0,
VCT,1983,0.0,
VCT,1984,0.0,
VCT,1985,0.0,
VCT,1986,0.0,
VCT,1987,0.0,
VCT,1988,0.0,
VCT,1989,0.0,
VCT,1990,0.0,
VCT,1991,0.0,
VCT,1992,0.0,
VCT,1993,0.0,
VCT,1994,0.0,
VCT,1995,0.0,
VCT,1996,0.0,
VCT,1997,0.0,
VCT,1998,0.0,
VCT,1999,0.0,
VCT,2000,0.0,
VCT,2001,0.0,
VCT,2002,0.0,
VCT,2003,0.0,
VCT,2004,0.0,
VCT,2005,0.0,
VCT,2006,0.0,
VCT,2007,0.0,
VCT,2008,0.0,
VCT,2009,0.0,
VCT,2010,0.0,
VCT,2011,0.0,
VCT,2012,0.0,
VCT,2013,0.0,
VCT,2014,0.0,
VCT,2015,0.0,
VCT,2016,0.0,
VCT,2017,0.0,
VCT,2018,0.0,
VCT,2019,0.0,
VCT,2020,0.0,
VEN,1961,9300.0,
VEN,1962,7600.0,-0.20186615286692522
VEN,1963,6700.0,-0.12604072089536622
VEN,1964,11200.0,0.5138062519041284
VEN,1965,8500.0,-0.2758476148047766
VEN,1966,4700.0,-0.5925036547802591
VEN,1967,5100.0,0.08167803101426863
VEN,1968,6210.0,0.19692035621510584
VEN,1969,7320.0,0.16444943202783335
VEN,1970,3820.0,-0.6503599053547369
VEN,1971,5730.0,0.4054651081081655
VEN,1972,6540.0,0.13222163474245896
VEN,1973,8680.0,0.28308436320315167
VEN,1974,9290.0,0.06791702415348766
VEN,1975,7790.0,-0.17609769294308997
VEN,1976,6780.0,-0.138863757930352
VEN,1977,8230.0,0.19380891273667267
VEN,1978,11500.0,0.3345610206802263
VEN,1979,7210.0,-0.46687808407234677
VEN,1980,16209.999,0.8101593227604109
VEN,1981,13630.0,-0.17335502834882632
VEN,1982,15330.0,0.11753844717528139
VEN,1983,20460.0,0.28866006763975705
VEN,1984,21600.0,0.05422155416663976
VEN,1985,16680.0,-0.2584829177595189
VEN,1986,20240.0,0.19345044748866336
VEN,1987,27840.0,0.31881299104695415
VEN,1988,31420.0,0.12097079736125593
VEN,1989,23500.0,-0.2904442116773609
VEN,1990,18890.0,-0.21836773963669565
VEN,1991,21560.0,0.1322070645273783
VEN,1992,20930.0,-0.029656209582887172
VEN,1993,29420.0,0.34049117871538215
VEN,1994,37310.0,0.23758667205977524
VEN,1995,56730.0,0.41904178410540993
VEN,1996,53210.0,-0.06405682273019941
VEN,1997,44780.0,-0.172484737437669
VEN,1998,50510.0,0.12040972530935257
VEN,1999,40080.0,-0.23129387970335102
VEN,2000,40590.0,0.012644274074196105
VEN,2001,45600.0,0.11638598566953462
VEN,2002,47040.0,0.03109058707003065
VEN,2003,45720.0,-0.02846246466376101
VEN,2004,54850.0,0.18206634779462938
VEN,2005,30870.0,-0.574817348207171
VEN,2006,50980.0,0.5016485604339014
VEN,2007,38710.0,-0.27533543435841246
VEN,2008,27640.0,-0.3368339656900883
VEN,2009,38120.0,0.32147507988653246
VEN,2010,32320.0,-0.16505284513310592
VEN,2011,35090.0,0.08222995594222837
VEN,2012,47870.0,0.31057281380929425
VEN,2013,49330.0,0.030043411841228718
VEN,2014,51730.0,0.047505468769776016
VEN,2015,38760.0,-0.2886490969928577
VEN,2016,32130.002,-0.18759855164767814
VEN,2017,26370.0,-0.1975632350096923
VEN,2018,26180.0,-0.00723123988344021
VEN,2019,26230.0,0.0019080333970276087
VEN,2020,26230.0,0.0
VNM,1961,128000.0,
VNM,1962,121300.0,-0.05376344796961341
VNM,1963,134900.0,0.10626694726370545
VNM,1964,137000.0,0.015447162614416143
VNM,1965,142000.0,0.03584613177313578
VNM,1966,149700.0,0.052806233824322035
VNM,1967,144500.0,-0.035353783873096845
VNM,1968,136000.0,-0.060624621816435464
VNM,1969,148600.0,0.0886032465476081
VNM,1970,149100.0,0.0033590894870325627
VNM,1971,156100.0,0.04587960575069516
VNM,1972,166800.0,0.0662986624032591
VNM,1973,176300.0,0.0553915994791776
VNM,1974,174000.0,-0.01313179018929489
VNM,1975,171970.0,-0.011735256218420531
VNM,1976,179920.0,0.0451922646549523
VNM,1977,174800.0,-0.028869844429625147
VNM,1978,179600.0,0.02708969264666372
VNM,1979,184260.0,0.025615647812687214
VNM,1980,158440.0,-0.15097183092707134
VNM,1981,177710.0,0.11477703544368012
VNM,1982,185380.0,0.04225476425029129
VNM,1983,200480.0,0.07830671870007144
VNM,1984,223280.0,0.10771209808030946
VNM,1985,231150.0,0.034640261206167366
VNM,1986,220810.0,-0.04576424720177741
VNM,1987,234370.0,0.059598459931326175
VNM,1988,235890.0,0.006464531507750948
VNM,1989,261940.0,0.10474987522972157
VNM,1990,236250.0,-0.1032249035274031
VNM,1991,247090.0,0.044862076356233516
VNM,1992,247650.0,0.002263816304159505
VNM,1993,268500.0,0.08083445491467423
VNM,1994,349980.0,0.26502509604468116
VNM,1995,390120.0,0.10857837411021265
VNM,1996,402820.0,0.03203542794092051
VNM,1997,430090.0,0.06550467706777852
VNM,1998,400560.0,-0.07113092109082331
VNM,1999,478990.0,0.17881615234457904
VNM,2000,545010.0,0.12912442275249525
VNM,2001,571730.0,0.04786270884873289
VNM,2002,605440.0,0.05728861445596145
VNM,2003,748780.0,0.21248974898151296
VNM,2004,956190.0,0.2445114226691789
VNM,2005,1149500.0,0.18412570612908574
VNM,2006,1350350.0,0.16103675288662345
VNM,2007,1718100.0,0.2408552109780615
VNM,2008,2077000.0,0.18970551580819084
VNM,2009,2134000.0,0.02707360798558689
VNM,2010,2316330.0,0.08198588372750493
VNM,2011,2382460.0,0.02814953071112214
VNM,2012,2636670.0,0.10138319001496754
VNM,2013,2649380.0,0.004808893027384187
VNM,2014,2572810.0,-0.029326963549664242
VNM,2015,2656780.0,0.0321161763881328
VNM,2016,2699780.0,0.016055425009996682
VNM,2017,2864900.0,0.059363157334576755
VNM,2018,3134890.0,0.09006064020641524
VNM,2019,3250820.0,0.03631318645972392
VNM,2020,3250820.0,0.0
VUT,1961,0.0,
VUT,1962,0.0,
VUT,1963,0.0,
VUT,1964,0.0,
VUT,1965,0.0,
VUT,1966,0.0,
VUT,1967,0.0,
VUT,1968,0.0,
VUT,1969,0.0,
VUT,1970,0.0,
VUT,1971,0.0,
VUT,1972,0.0,
VUT,1973,0.0,
VUT,1974,0.0,
VUT,1975,0.0,
VUT,1976,0.0,
VUT,1977,0.0,
VUT,1978,0.0,
VUT,1979,0.0,
VUT,1980,0.0,
VUT,1981,0.0,
VUT,1982,0.0,
VUT,1983,0.0,
VUT,1984,0.0,
VUT,1985,0.0,
VUT,1986,0.0,
VUT,1987,0.0,
VUT,1988,0.0,
VUT,1989,0.0,
VUT,1990,0.0,
VUT,1991,0.0,
VUT,1992,0.0,
VUT,1993,0.0,
VUT,1994,0.0,
VUT,1995,0.0,
VUT,1996,0.0,
VUT,1997,0.0,
VUT,1998,0.0,
VUT,1999,0.0,
VUT,2000,0.0,
VUT,2001,0.0,
VUT,2002,0.0,
VUT,2003,0.0,
VUT,2004,0.0,
VUT,2005,0.0,
VUT,2006,90.0,inf
VUT,2007,10.0,-2.197224577336219
VUT,2008,20.0,0.693147180559945
VUT,2009,40.0,0.6931471805599454
VUT,2010,80.0,0.693147180559945
VUT,2011,40.0,-0.693147180559945
VUT,2012,40.0,0.0
VUT,2013,70.0,0.5596157879354231
VUT,2014,70.0,0.0
VUT,2015,0.0,-inf
VUT,2016,0.0,
VUT,2017,10.0,inf
VUT,2018,10.0,0.0
VUT,2019,10.0,0.0
VUT,2020,10.0,0.0
WSM,1961,0.0,
WSM,1962,0.0,
WSM,1963,0.0,
WSM,1964,0.0,
WSM,1965,0.0,
WSM,1966,0.0,
WSM,1967,0.0,
WSM,1968,0.0,
WSM,1969,0.0,
WSM,1970,0.0,
WSM,1971,0.0,
WSM,1972,0.0,
WSM,1973,0.0,
WSM,1974,0.0,
WSM,1975,0.0,
WSM,1976,0.0,
WSM,1977,0.0,
WSM,1978,0.0,
WSM,1979,0.0,
WSM,1980,0.0,
WSM,1981,0.0,
WSM,1982,0.0,
WSM,1983,0.0,
WSM,1984,0.0,
WSM,1985,0.0,
WSM,1986,0.0,
WSM,1987,0.0,
WSM,1988,0.0,
WSM,1989,0.0,
WSM,1990,0.0,
WSM,1991,0.0,
WSM,1992,0.0,
WSM,1993,0.0,
WSM,1994,0.0,
WSM,1995,0.0,
WSM,1996,0.0,
WSM,1997,0.0,
WSM,1998,0.0,
WSM,1999,0.0,
WSM,2000,0.0,
WSM,2001,0.0,
WSM,2002,0.0,
WSM,2003,0.0,
WSM,2004,0.0,
WSM,2005,0.0,
WSM,2006,0.0,
WSM,2007,0.0,
WSM,2008,0.0,
WSM,2009,10.0,inf
WSM,2010,10.0,0.0
WSM,2011,10.0,0.0
WSM,2012,10.0,0.0
WSM,2013,10.0,0.0
WSM,2014,10.0,0.0
WSM,2015,10.0,0.0
WSM,2016,10.0,0.0
WSM,2017,10.0,0.0
WSM,2018,10.0,0.0
WSM,2019,10.0,0.0
WSM,2020,10.0,0.0
YEM,1961,,
YEM,1962,,
YEM,1963,,
YEM,1964,,
YEM,1965,,
YEM,1966,,
YEM,1967,,
YEM,1968,,
YEM,1969,,
YEM,1970,,
YEM,1971,,
YEM,1972,,
YEM,1973,,
YEM,1974,,
YEM,1975,,
YEM,1976,,
YEM,1977,,
YEM,1978,,
YEM,1979,,
YEM,1980,,
YEM,1981,,
YEM,1982,,
YEM,1983,,
YEM,1984,,
YEM,1985,,
YEM,1986,,
YEM,1987,,
YEM,1988,,
YEM,1989,,
YEM,1990,,
YEM,1991,,
YEM,1992,,
YEM,1993,,
YEM,1994,,
YEM,1995,,
YEM,1996,,
YEM,1997,,
YEM,1998,,
YEM,1999,,
YEM,2000,,
YEM,2001,,
YEM,2002,,
YEM,2003,,
YEM,2004,,
YEM,2005,,
YEM,2006,,
YEM,2007,,
YEM,2008,,
YEM,2009,,
YEM,2010,,
YEM,2011,,
YEM,2012,,
YEM,2013,,
YEM,2014,,
YEM,2015,,
YEM,2016,,
YEM,2017,,
YEM,2018,,
YEM,2019,,
YEM,2020,,
ZAF,1961,100.0,
ZAF,1962,100.0,0.0
ZAF,1963,100.0,0.0
ZAF,1964,100.0,0.0
ZAF,1965,100.0,0.0
ZAF,1966,100.0,0.0
ZAF,1967,100.0,0.0
ZAF,1968,100.0,0.0
ZAF,1969,100.0,0.0
ZAF,1970,1150.0,2.4423470353692043
ZAF,1971,1150.0,0.0
ZAF,1972,1150.0,0.0
ZAF,1973,1150.0,0.0
ZAF,1974,1150.0,0.0
ZAF,1975,1150.0,0.0
ZAF,1976,1150.0,0.0
ZAF,1977,1150.0,0.0
ZAF,1978,1150.0,0.0
ZAF,1979,1150.0,0.0
ZAF,1980,1150.0,0.0
ZAF,1981,1150.0,0.0
ZAF,1982,780.0,-0.3882233016736585
ZAF,1983,800.0,0.02531780798428951
ZAF,1984,1150.0,0.362905493689369
ZAF,1985,1200.0,0.04255961441879563
ZAF,1986,1370.0,0.13248918304607926
ZAF,1987,1420.0,0.03584613177313578
ZAF,1988,1580.0,0.10676797542570604
ZAF,1989,1680.0,0.061368946376291866
ZAF,1990,2680.0,0.46702300110759776
ZAF,1991,3280.0,0.20202662787328762
ZAF,1992,2380.0,-0.32074293471267
ZAF,1993,1990.0,-0.17896584894698186
ZAF,1994,1950.0,-0.02030526616074546
ZAF,1995,1630.0,-0.17924935775698447
ZAF,1996,1700.0,0.04204823624349885
ZAF,1997,2000.0,0.16251892949777513
ZAF,1998,2720.0,0.30748469974796055
ZAF,1999,2170.0,-0.22590471275553714
ZAF,2000,2630.0,0.192256678637305
ZAF,2001,2420.0,-0.08321630602107888
ZAF,2002,2650.0,0.09079209982953618
ZAF,2003,3140.0,0.16966315992203196
ZAF,2004,2360.0,-0.28556118088264437
ZAF,2005,2230.0,-0.056660033565490764
ZAF,2006,2280.0,0.022173857494321325
ZAF,2007,2160.0,-0.054067221270275745
ZAF,2008,2450.0,0.1259798028605621
ZAF,2009,2450.0,0.0
ZAF,2010,2040.0,-0.18313821670051045
ZAF,2011,2360.0,0.14571181118139354
ZAF,2012,2560.0,0.08134563945395268
ZAF,2013,2720.0,0.060624621816434576
ZAF,2014,2700.0,-0.007380107297622729
ZAF,2015,2730.0,0.011049836186585615
ZAF,2016,2730.0,0.0
ZAF,2017,2820.0,0.03243527575315319
ZAF,2018,2910.0,0.03141619623337899
ZAF,2019,3000.0,0.030459207484708095
ZAF,2020,3000.0,0.0
ZMB,1961,20400.0,
ZMB,1962,22200.0,0.08455738802806323
ZMB,1963,40100.0,0.5912840454342909
ZMB,1964,42300.0,0.05341075173970822
ZMB,1965,40100.0,-0.05341075173970822
ZMB,1966,40100.0,0.0
ZMB,1967,38500.0,-0.040718093018785595
ZMB,1968,41300.0,0.07020425867324853
ZMB,1969,44000.0,0.0633271339512742
ZMB,1970,52100.0,0.16897531484105954
ZMB,1971,46800.0,-0.10728174583571892
ZMB,1972,49900.0,0.0641377998338708
ZMB,1973,50400.0,0.00997017231984998
ZMB,1974,46930.0,-0.07133404527099607
ZMB,1975,57430.0,0.20190968506987872
ZMB,1976,54270.0,-0.05659522680089246
ZMB,1977,53730.0,-0.010000083334583465
ZMB,1978,47580.0,-0.12155899986591834
ZMB,1979,49530.0,0.04016604172533533
ZMB,1980,51020.0,0.02963916611351891
ZMB,1981,39600.0,-0.2533885944532308
ZMB,1982,55880.0,0.3443774161283262
ZMB,1983,54380.0,-0.02721009518443651
ZMB,1984,65890.0,0.19199024572140466
ZMB,1985,68360.0,0.03680117332166155
ZMB,1986,56920.0,-0.18314108502573845
ZMB,1987,64980.004,0.13243281857670297
ZMB,1988,61980.0,-0.0472678394387529
ZMB,1989,68110.0,0.09431229289362442
ZMB,1990,66330.0,-0.02648176171576111
ZMB,1991,68950.0,0.03873932070184516
ZMB,1992,71560.0,0.03715465440120802
ZMB,1993,70420.0,-0.016058944913611484
ZMB,1994,74590.0,0.05752913624016465
ZMB,1995,74630.0,0.0005361211762249241
ZMB,1996,71100.0,-0.04845523433410115
ZMB,1997,70640.0,-0.006490780513491501
ZMB,1998,74100.0,0.047818976006336555
ZMB,1999,71510.0,-0.035578232241736174
ZMB,2000,70910.0,-0.008425832744398676
ZMB,2001,67520.0,-0.04898761702820309
ZMB,2002,67630.0,0.0016278212991469587
ZMB,2003,70830.0,0.046230968178681664
ZMB,2004,72850.0,0.02811989287568295
ZMB,2005,71050.0,-0.025018678098104985
ZMB,2006,65449.996,-0.08209742330255665
ZMB,2007,79420.0,0.19346379446255213
ZMB,2008,85040.0,0.06837150833058736
ZMB,2009,93220.0,0.09184055691090265
ZMB,2010,86690.0,-0.07262375406404509
ZMB,2011,79890.0,-0.08168784838659882
ZMB,2012,93630.0,0.1587001564568471
ZMB,2013,95460.0,0.01935646662695234
ZMB,2014,100110.0,0.04756226985364265
ZMB,2015,106470.0,0.06159367389512127
ZMB,2016,112620.0,0.0561560644999588
ZMB,2017,114300.0,0.014807250974291364
ZMB,2018,128100.01,0.11398471616593397
ZMB,2019,135940.0,0.05940232495179387
ZMB,2020,135940.0,0.0
ZWE,1961,1300.0,
ZWE,1962,1300.0,0.0
ZWE,1963,1300.0,0.0
ZWE,1964,1900.0,0.37948962170490397
ZWE,1965,2000.0,0.05129329438755015
ZWE,1966,2000.0,0.0
ZWE,1967,2000.0,0.0
ZWE,1968,2000.0,0.0
ZWE,1969,2000.0,0.0
ZWE,1970,2000.0,0.0
ZWE,1971,2500.0,0.2231435513142097
ZWE,1972,3000.0,0.182321556793954
ZWE,1973,3010.0,0.0033277900926762527
ZWE,1974,3110.0,0.03268264743035765
ZWE,1975,3690.0,0.17100373186129225
ZWE,1976,4550.0,0.20950077491042407
ZWE,1977,4770.0,0.04721907193739128
ZWE,1978,7770.0,0.48792385947930583
ZWE,1979,9870.0,0.23922968906583364
ZWE,1980,13290.0,0.2975120192797647
ZWE,1981,16430.0,0.212097059324023
ZWE,1982,17510.0,0.06366321424858334
ZWE,1983,13610.0,-0.25196732963438606
ZWE,1984,16410.0,0.1870860884386243
ZWE,1985,17390.0,0.058004423264192084
ZWE,1986,18940.0,0.08538075939174128
ZWE,1987,19170.0,0.012070469299620967
ZWE,1988,22210.0,0.14719608084878288
ZWE,1989,24050.0,0.07959235864543324
ZWE,1990,25760.0,0.06868790468438313
ZWE,1991,22160.0,-0.1505340393570691
ZWE,1992,21730.0,-0.019595067610746142
ZWE,1993,21360.0,-0.017173780176342746
ZWE,1994,20350.0,-0.04843910220339076
ZWE,1995,16610.0,-0.20307598826340012
ZWE,1996,16560.0,-0.00301477466808997
ZWE,1997,18330.0,0.10154891289450063
ZWE,1998,16540.0,-0.10275737225606996
ZWE,1999,13610.0,-0.1949768729321697
ZWE,2000,15270.0,0.11508530256716654
ZWE,2001,14590.0,-0.04555375669584727
ZWE,2002,13710.0,-0.0622108689604719
ZWE,2003,13200.0,-0.03790866398189685
ZWE,2004,13460.0,0.01950549462425677
ZWE,2005,12870.0,-0.044823302608547166
ZWE,2006,12950.0,0.0061967665375117775
ZWE,2007,13000.0,0.003853569315989347
ZWE,2008,13100.0,0.007662872745569871
ZWE,2009,13150.0,0.0038095284166672627
ZWE,2010,13980.0,0.06120597818189033
ZWE,2011,19580.0,0.33688090029670015
ZWE,2012,20740.0,0.05755556569901721
ZWE,2013,23490.0,0.12451059586943991
ZWE,2014,24750.0,0.05225069034387886
ZWE,2015,25500.0,0.02985296314968089
ZWE,2016,25800.0,0.011696039763190669
ZWE,2017,26800.0,0.03802739558923918
ZWE,2018,32300.0,0.1866653427117999
ZWE,2019,29230.0,-0.09987165110545604
ZWE,2020,29230.0,0.0
,1961,516020.0,
,1961,532120.0,
,1961,488470.0,
,1961,2582450.0,
,1961,2582460.0,
,1961,0.0,
,1961,300.0,
,1961,8920.0,
,1961,746030.0,
,1961,188010.0,
,1961,1006030.0,
,1961,987540.0,
,1961,1140530.0,
,1961,1140520.0,
,1961,202370.0,
,1961,202370.0,
,1961,858180.0,
,1961,246950.0,
,1961,941610.0,
,1961,1179820.0,
,1961,283600.0,
,1961,1751380.0,
,1961,0.0,
,1961,86800.0,
,1961,1057670.0,
,1961,383280.0,
,1961,73100.0,
,1961,374060.0,
,1961,57850.0,
,1961,700.0,
,1961,700.0,
,1961,800.0,
,1961,105200.0,
,1961,105200.0,
,1961,832740.0,
,1961,500.0,
,1961,717800.0,
,1961,47670.0,
,1961,16100.0,
,1961,1841820.0,
,1961,183710.0,
,1961,25880.0,
,1961,47470.0,
,1962,553990.0,
,1962,570990.0,
,1962,515690.0,
,1962,2641970.0,
,1962,2641980.0,
,1962,0.0,
,1962,400.0,
,1962,6200.0,
,1962,738260.0,
,1962,204060.0,
,1962,966420.0,
,1962,1001870.0,
,1962,1153240.0,
,1962,1153230.0,
,1962,197940.0,
,1962,197940.0,
,1962,847170.0,
,1962,272950.0,
,1962,1018600.0,
,1962,1310450.0,
,1962,307200.0,
,1962,1867290.0,
,1962,0.0,
,1962,87800.0,
,1962,1133110.0,
,1962,408790.0,
,1962,73600.0,
,1962,402190.0,
,1962,59260.0,
,1962,700.0,
,1962,700.0,
,1962,800.0,
,1962,106900.0,
,1962,106900.0,
,1962,835480.0,
,1962,600.0,
,1962,812560.0,
,1962,47180.0,
,1962,17000.0,
,1962,1853330.0,
,1962,204930.0,
,1962,27520.0,
,1962,44920.0,
,1963,594730.0,
,1963,612730.0,
,1963,488710.0,
,1963,2738370.0,
,1963,2738380.0,
,1963,0.0,
,1963,600.0,
,1963,8200.0,
,1963,738900.0,
,1963,247580.0,
,1963,1003260.0,
,1963,831740.0,
,1963,988140.0,
,1963,988130.0,
,1963,208270.0,
,1963,208270.0,
,1963,857000.0,
,1963,302380.0,
,1963,1054400.0,
,1963,1389150.0,
,1963,324400.0,
,1963,1923260.0,
,1963,0.0,
,1963,88300.0,
,1963,1176860.0,
,1963,377620.0,
,1963,79800.0,
,1963,368810.0,
,1963,57370.0,
,1963,600.0,
,1963,600.0,
,1963,1000.0,
,1963,111100.0,
,1963,111100.0,
,1963,832780.0,
,1963,600.0,
,1963,872820.0,
,1963,50440.0,
,1963,18000.0,
,1963,1717200.0,
,1963,196450.0,
,1963,29510.0,
,1963,48580.0,
,1964,654800.0,
,1964,673400.0,
,1964,539120.0,
,1964,2826650.0,
,1964,2826650.0,
,1964,0.0,
,1964,700.0,
,1964,6200.0,
,1964,744790.0,
,1964,271330.0,
,1964,942770.0,
,1964,944580.0,
,1964,1112000.0,
,1964,1111990.0,
,1964,220720.0,
,1964,220710.0,
,1964,827840.0,
,1964,309180.0,
,1964,1127010.0,
,1964,1533580.0,
,1964,336600.0,
,1964,2124960.0,
,1964,0.0,
,1964,93300.0,
,1964,1289520.0,
,1964,392820.0,
,1964,111400.0,
,1964,385920.0,
,1964,54450.0,
,1964,600.0,
,1964,600.0,
,1964,1300.0,
,1964,146300.0,
,1964,146300.0,
,1964,855310.0,
,1964,600.0,
,1964,990680.0,
,1964,57530.0,
,1964,18600.0,
,1964,1851170.0,
,1964,196770.0,
,1964,37880.0,
,1964,55430.0,
,1965,672280.0,
,1965,690780.0,
,1965,541400.0,
,1965,3052150.0,
,1965,3052140.0,
,1965,0.0,
,1965,700.0,
,1965,6800.0,
,1965,841910.0,
,1965,290400.0,
,1965,1069520.0,
,1965,1117350.0,
,1965,1290090.0,
,1965,1290080.0,
,1965,221300.0,
,1965,221300.0,
,1965,860370.0,
,1965,329690.0,
,1965,1201080.0,
,1965,1672670.0,
,1965,357600.0,
,1965,2219940.0,
,1965,0.0,
,1965,104600.0,
,1965,1338770.0,
,1965,397490.0,
,1965,83800.0,
,1965,389990.0,
,1965,56870.0,
,1965,900.0,
,1965,900.0,
,1965,1200.0,
,1965,143910.0,
,1965,143910.0,
,1965,861800.0,
,1965,600.0,
,1965,1085190.0,
,1965,57080.0,
,1965,18500.0,
,1965,2128910.0,
,1965,211380.0,
,1965,35630.0,
,1965,58790.0,
,1966,715570.0,
,1966,734570.0,
,1966,585720.0,
,1966,3111040.0,
,1966,3111040.0,
,1966,0.0,
,1966,800.0,
,1966,8300.0,
,1966,845330.0,
,1966,292770.0,
,1966,1065550.0,
,1966,1071510.0,
,1966,1256940.0,
,1966,1256940.0,
,1966,233670.0,
,1966,233670.0,
,1966,922770.0,
,1966,364790.0,
,1966,1225350.0,
,1966,1680080.0,
,1966,392010.0,
,1966,2291280.0,
,1966,0.0,
,1966,110600.0,
,1966,1374910.0,
,1966,452210.0,
,1966,92600.0,
,1966,443110.0,
,1966,60960.0,
,1966,1000.0,
,1966,1000.0,
,1966,1300.0,
,1966,133510.0,
,1966,133500.0,
,1966,952460.0,
,1966,700.0,
,1966,1059200.0,
,1966,60520.0,
,1966,19000.0,
,1966,2078510.0,
,1966,237900.0,
,1966,33840.0,
,1966,63950.0,
,1967,749980.0,
,1967,769180.0,
,1967,500580.0,
,1967,3231140.0,
,1967,3231150.0,
,1967,0.0,
,1967,500.0,
,1967,9700.0,
,1967,840820.0,
,1967,334360.0,
,1967,1113240.0,
,1967,1149530.0,
,1967,1340780.0,
,1967,1340760.0,
,1967,255330.0,
,1967,255310.0,
,1967,889230.0,
,1967,366800.0,
,1967,1281390.0,
,1967,1789760.0,
,1967,400120.0,
,1967,2398350.0,
,1967,0.0,
,1967,112000.0,
,1967,1413240.0,
,1967,364780.0,
,1967,76400.0,
,1967,354570.0,
,1967,64449.996,
,1967,1200.0,
,1967,1200.0,
,1967,1000.0,
,1967,135810.0,
,1967,135810.0,
,1967,974360.0,
,1967,700.0,
,1967,1116160.0,
,1967,61480.0,
,1967,19200.0,
,1967,2150090.0,
,1967,245720.0,
,1967,27390.0,
,1967,65309.996,
,1968,807100.0,
,1968,827800.0,
,1968,622720.0,
,1968,3351550.0,
,1968,3351550.0,
,1968,0.0,
,1968,700.0,
,1968,10100.0,
,1968,839140.0,
,1968,376220.0,
,1968,1095780.0,
,1968,1058520.0,
,1968,1250750.0,
,1968,1250750.0,
,1968,256300.0,
,1968,256299.98,
,1968,1000710.0,
,1968,393870.0,
,1968,1387500.0,
,1968,1984140.0,
,1968,431020.0,
,1968,2551490.0,
,1968,0.0,
,1968,117500.0,
,1968,1524770.0,
,1968,481090.0,
,1968,74700.0,
,1968,470300.0,
,1968,69870.0,
,1968,1800.0,
,1968,1800.0,
,1968,1100.0,
,1968,141620.0,
,1968,141620.0,
,1968,966550.0,
,1968,950.0,
,1968,1250080.0,
,1968,58900.0,
,1968,20700.0,
,1968,2065180.0,
,1968,258430.0,
,1968,39140.0,
,1968,63470.0,
,1969,849090.0,
,1969,870090.0,
,1969,516969.97,
,1969,3480230.0,
,1969,3480220.0,
,1969,0.0,
,1969,600.0,
,1969,10900.0,
,1969,840920.0,
,1969,395390.0,
,1969,1124600.0,
,1969,1019200.0,
,1969,1203760.0,
,1969,1203770.0,
,1969,246420.0,
,1969,246430.0,
,1969,897640.0,
,1969,420940.0,
,1969,1414870.0,
,1969,2097620.0,
,1969,443990.0,
,1969,2667890.0,
,1969,0.0,
,1969,118500.0,
,1969,1557040.0,
,1969,361730.0,
,1969,74500.0,
,1969,350230.0,
,1969,61320.0,
,1969,2200.0,
,1969,2200.0,
,1969,1000.0,
,1969,155260.0,
,1969,155250.0,
,1969,983960.0,
,1969,950.0,
,1969,1324850.0,
,1969,62410.0,
,1969,21000.0,
,1969,2056430.0,
,1969,280750.0,
,1969,46820.0,
,1969,60840.0,
,1970,946740.0,
,1970,968140.0,
,1970,592020.0,
,1970,3610620.0,
,1970,3610610.0,
,1970,0.0,
,1970,700.0,
,1970,9100.0,
,1970,965910.0,
,1970,461940.0,
,1970,1220590.0,
,1970,1184790.0,
,1970,1374770.0,
,1970,1374770.0,
,1970,249670.0,
,1970,249670.0,
,1970,986480.0,
,1970,451810.0,
,1970,1509170.0,
,1970,2188750.0,
,1970,461700.0,
,1970,2751700.0,
,1970,0.0,
,1970,119800.0,
,1970,1651530.0,
,1970,460540.0,
,1970,75810.0,
,1970,450750.0,
,1970,56670.0,
,1970,2300.0,
,1970,2300.0,
,1970,1000.0,
,1970,131480.0,
,1970,131480.0,
,1970,996930.0,
,1970,2000.0,
,1970,1335370.0,
,1970,71500.0,
,1970,21400.0,
,1970,2344150.0,
,1970,308590.0,
,1970,57720.0,
,1970,61810.0,
,1971,970440.0,
,1971,991830.0,
,1971,529400.0,
,1971,3738890.0,
,1971,3738890.0,
,1971,0.0,
,1971,1000.0,
,1971,9500.0,
,1971,951450.0,
,1971,467920.0,
,1971,1237560.0,
,1971,1246970.0,
,1971,1454670.0,
,1971,1454650.0,
,1971,267330.0,
,1971,267320.0,
,1971,992170.0,
,1971,453210.0,
,1971,1577180.0,
,1971,2295880.0,
,1971,477620.0,
,1971,2877670.0,
,1971,0.0,
,1971,116800.0,
,1971,1715430.0,
,1971,413690.0,
,1971,75200.0,
,1971,403190.0,
,1971,61660.0,
,1971,2900.0,
,1971,2900.0,
,1971,1300.0,
,1971,115700.0,
,1971,115710.0,
,1971,1044449.94,
,1971,2300.0,
,1971,1403240.0,
,1971,70980.0,
,1971,21400.0,
,1971,2364500.0,
,1971,329620.0,
,1971,53640.0,
,1971,75040.0,
,1972,973790.0,
,1972,995200.0,
,1972,556510.0,
,1972,3848200.0,
,1972,3848200.0,
,1972,0.0,
,1972,1400.0,
,1972,10800.0,
,1972,945850.0,
,1972,481670.0,
,1972,1221760.0,
,1972,1157130.0,
,1972,1364960.0,
,1972,1364970.0,
,1972,274380.0,
,1972,274380.0,
,1972,951690.0,
,1972,496410.0,
,1972,1678580.0,
,1972,2354880.0,
,1972,522430.0,
,1972,2932910.0,
,1972,0.0,
,1972,112800.0,
,1972,1821540.0,
,1972,380620.0,
,1972,77170.0,
,1972,368420.0,
,1972,66000.0,
,1972,4000.0,
,1972,4000.0,
,1972,1800.0,
,1972,175890.0,
,1972,175890.0,
,1972,1103940.0,
,1972,2400.0,
,1972,1460030.0,
,1972,71730.0,
,1972,21400.0,
,1972,2355290.0,
,1972,321160.0,
,1972,62470.0,
,1972,70110.0,
,1973,1019320.0,
,1973,1041130.0,
,1973,583140.0,
,1973,4039220.0,
,1973,4039230.0,
,1973,0.0,
,1973,810.0,
,1973,16299.999,
,1973,1050370.0,
,1973,500790.0,
,1973,1361090.0,
,1973,1188710.0,
,1973,1399640.0,
,1973,1399650.0,
,1973,285530.0,
,1973,285540.0,
,1973,1026290.0,
,1973,507920.0,
,1973,1710510.0,
,1973,2474140.0,
,1973,539350.0,
,1973,3019470.0,
,1973,0.0,
,1973,115300.0,
,1973,1871280.0,
,1973,405860.0,
,1973,88300.0,
,1973,388750.0,
,1973,65150.0,
,1973,3800.0,
,1973,3800.0,
,1973,1210.0,
,1973,177290.0,
,1973,177280.0,
,1973,1088570.0,
,1973,2400.0,
,1973,1537730.0,
,1973,74910.0,
,1973,21800.0,
,1973,2473140.0,
,1973,334330.0,
,1973,51830.0,
,1973,70880.0,
,1974,1028460.0,
,1974,1050270.0,
,1974,597500.0,
,1974,4120000.0,
,1974,4120020.0,
,1974,0.0,
,1974,1210.0,
,1974,14110.0,
,1974,1052320.0,
,1974,506520.0,
,1974,1366460.0,
,1974,1055080.0,
,1974,1280490.0,
,1974,1280440.0,
,1974,296400.0,
,1974,296390.0,
,1974,1006480.0,
,1974,499190.0,
,1974,1715740.0,
,1974,2516140.0,
,1974,539740.0,
,1974,3097220.0,
,1974,30.0,
,1974,123180.0,
,1974,1878820.0,
,1974,374430.0,
,1974,91370.0,
,1974,359110.0,
,1974,71940.0,
,1974,3830.0,
,1974,3820.0,
,1974,1560.0,
,1974,223060.0,
,1974,223070.0,
,1974,1139620.0,
,1974,2460.0,
,1974,1571930.0,
,1974,80310.0,
,1974,21800.0,
,1974,2399340.0,
,1974,326730.0,
,1974,42020.0,
,1974,73110.0,
,1975,1075470.0,
,1975,1097270.0,
,1975,587790.0,
,1975,4017660.0,
,1975,4017690.0,
,1975,0.0,
,1975,2000.0,
,1975,16160.0,
,1975,1095840.0,
,1975,550630.0,
,1975,1450050.0,
,1975,1327510.0,
,1975,1564030.0,
,1975,1563990.0,
,1975,314130.0,
,1975,314120.0,
,1975,1044060.0,
,1975,524080.03,
,1975,1575570.0,
,1975,2357920.0,
,1975,553070.0,
,1975,2937160.0,
,1975,30.0,
,1975,119850.0,
,1975,1749300.0,
,1975,347150.0,
,1975,97510.0,
,1975,328970.0,
,1975,77700.0,
,1975,5100.0,
,1975,5100.0,
,1975,2420.0,
,1975,240670.02,
,1975,240660.0,
,1975,1129500.0,
,1975,2470.0,
,1975,1389970.0,
,1975,81010.0,
,1975,21800.0,
,1975,2729800.0,
,1975,326800.0,
,1975,48170.0,
,1975,77770.0,
,1976,1094000.0,
,1976,1117910.0,
,1976,623540.0,
,1976,3972540.0,
,1976,3972590.0,
,1976,10.0,
,1976,2020.0,
,1976,17060.0,
,1976,1096480.0,
,1976,561430.0,
,1976,1435800.0,
,1976,1079280.0,
,1976,1313600.0,
,1976,1313540.0,
,1976,314960.0,
,1976,314940.0,
,1976,1088390.0,
,1976,490020.0,
,1976,1571710.0,
,1976,2406390.0,
,1976,528760.0,
,1976,2964230.0,
,1976,30.0,
,1976,123280.0,
,1976,1752090.0,
,1976,408370.0,
,1976,94230.0,
,1976,389290.0,
,1976,74950.0,
,1976,4750.0,
,1976,4740.0,
,1976,2390.0,
,1976,215170.0,
,1976,215170.0,
,1976,1077970.0,
,1976,2880.0,
,1976,1406540.0,
,1976,84670.0,
,1976,23900.0,
,1976,2444170.0,
,1976,336100.0,
,1976,52270.0,
,1976,74640.0,
,1977,1190040.0,
,1977,1213040.0,
,1977,672830.0,
,1977,4048420.0,
,1977,4048450.0,
,1977,10.0,
,1977,1860.0,
,1977,18250.0,
,1977,1117600.0,
,1977,656500.0,
,1977,1460520.0,
,1977,1144930.0,
,1977,1382770.0,
,1977,1382740.0,
,1977,326440.0,
,1977,326450.0,
,1977,1124760.0,
,1977,560810.0,
,1977,1666840.0,
,1977,2563290.0,
,1977,602360.0,
,1977,3068350.0,
,1977,30.0,
,1977,130840.0,
,1977,1864850.0,
,1977,435370.0,
,1977,96730.0,
,1977,415250.0,
,1977,71590.0,
,1977,5080.0,
,1977,5080.0,
,1977,2220.0,
,1977,237460.0,
,1977,237470.0,
,1977,1068530.0,
,1977,2770.0,
,1977,1469860.0,
,1977,88530.0,
,1977,22970.0,
,1977,2518410.0,
,1977,326200.0,
,1977,49550.0,
,1977,77690.0,
,1978,1134680.0,
,1978,1160540.0,
,1978,733890.0,
,1978,4063850.0,
,1978,4063860.0,
,1978,20.0,
,1978,3310.0,
,1978,20650.0,
,1978,1122690.0,
,1978,600400.0,
,1978,1468880.0,
,1978,1080950.0,
,1978,1335250.0,
,1978,1335220.0,
,1978,324690.0,
,1978,324690.0,
,1978,1183810.0,
,1978,558820.0,
,1978,1562140.0,
,1978,2491590.0,
,1978,610220.0,
,1978,2991420.0,
,1978,30.0,
,1978,126860.0,
,1978,1773010.0,
,1978,470760.0,
,1978,102000.0,
,1978,446810.0,
,1978,83660.0,
,1978,5650.0,
,1978,5650.0,
,1978,3560.0,
,1978,263110.0,
,1978,263130.0,
,1978,1089460.0,
,1978,2270.0,
,1978,1452490.0,
,1978,89780.0,
,1978,25860.0,
,1978,2502210.0,
,1978,329010.0,
,1978,53030.0,
,1978,80830.0,
,1979,1116340.0,
,1979,1144160.0,
,1979,726240.0,
,1979,4226800.0,
,1979,4226830.0,
,1979,30.0,
,1979,5890.0,
,1979,30820.0,
,1979,1201160.0,
,1979,542360.0,
,1979,1593150.0,
,1979,1180420.0,
,1979,1443910.0,
,1979,1443890.0,
,1979,338640.0,
,1979,338650.0,
,1979,1282440.0,
,1979,519630.0,
,1979,1510810.0,
,1979,2491240.0,
,1979,576260.0,
,1979,3062910.0,
,1979,30.0,
,1979,121890.0,
,1979,1766190.0,
,1979,511050.0,
,1979,122430.0,
,1979,474320.0,
,1979,86780.0,
,1979,5570.0,
,1979,5570.0,
,1979,7040.0,
,1979,215230.0,
,1979,215210.0,
,1979,1096530.0,
,1979,2290.0,
,1979,1486420.0,
,1979,95450.0,
,1979,27820.0,
,1979,2617900.0,
,1979,355200.0,
,1979,50720.0,
,1979,81240.0,
,1980,1164920.0,
,1980,1190030.0,
,1980,859650.0,
,1980,4432120.0,
,1980,4432130.0,
,1980,90.0,
,1980,8830.0,
,1980,35730.0,
,1980,1307390.0,
,1980,573910.0,
,1980,1694940.0,
,1980,1134170.0,
,1980,1459780.0,
,1980,1459830.0,
,1980,403600.0,
,1980,403680.0,
,1980,1398810.0,
,1980,511520.0,
,1980,1537820.0,
,1980,2555240.0,
,1980,563470.0,
,1980,3211000.0,
,1980,30.0,
,1980,113420.0,
,1980,1816960.0,
,1980,588420.0,
,1980,132140.0,
,1980,543850.0,
,1980,128110.0,
,1980,5510.0,
,1980,5510.0,
,1980,9840.0,
,1980,271260.0,
,1980,271250.0,
,1980,1157480.0,
,1980,2540.0,
,1980,1521340.0,
,1980,106300.0,
,1980,25110.0,
,1980,2757630.0,
,1980,368020.0,
,1980,58360.0,
,1980,91250.0,
,1981,1137490.0,
,1981,1165140.0,
,1981,987660.0,
,1981,4929300.0,
,1981,4929330.0,
,1981,150.0,
,1981,12340.0,
,1981,84750.0,
,1981,1453650.0,
,1981,563810.0,
,1981,1876170.0,
,1981,1151910.0,
,1981,1489080.0,
,1981,1489180.0,
,1981,418280.0,
,1981,418420.0,
,1981,1530780.0,
,1981,473660.0,
,1981,1531640.0,
,1981,2661340.0,
,1981,537880.0,
,1981,3501860.0,
,1981,40.0,
,1981,109450.0,
,1981,1845000.0,
,1981,701320.0,
,1981,134010.0,
,1981,604240.0,
,1981,136740.0,
,1981,4940.0,
,1981,4930.0,
,1981,13310.0,
,1981,286320.0,
,1981,286330.0,
,1981,1343940.0,
,1981,2740.0,
,1981,1651480.0,
,1981,107460.0,
,1981,27660.0,
,1981,2991960.0,
,1981,355140.0,
,1981,57740.0,
,1981,93070.0,
,1982,1196200.0,
,1982,1224880.0,
,1982,1024160.06,
,1982,5083740.0,
,1982,5083760.0,
,1982,200.0,
,1982,14320.0,
,1982,94220.0,
,1982,1647220.0,
,1982,621910.0,
,1982,2066720.0,
,1982,1203080.0,
,1982,1545620.0,
,1982,1545760.0,
,1982,426680.0,
,1982,426870.0,
,1982,1551110.0,
,1982,471750.0,
,1982,1568990.0,
,1982,2662070.0,
,1982,523080.0,
,1982,3580040.0,
,1982,40.0,
,1982,84500.0,
,1982,1943980.0,
,1982,719650.0,
,1982,158630.0,
,1982,611110.0,
,1982,148620.0,
,1982,5320.0,
,1982,5320.0,
,1982,15300.0,
,1982,304520.0,
,1982,304510.0,
,1982,1325270.0,
,1982,2330.0,
,1982,1633440.0,
,1982,105560.0,
,1982,28660.0,
,1982,3214150.0,
,1982,357510.0,
,1982,58330.0,
,1982,88490.0,
,1983,1220030.0,
,1983,1245070.0,
,1983,1063550.0,
,1983,5685960.0,
,1983,5685990.0,
,1983,260.0,
,1983,15600.0,
,1983,96740.0,
,1983,1941830.0,
,1983,647460.0,
,1983,2386630.0,
,1983,1279920.0,
,1983,1634030.0,
,1983,1634210.0,
,1983,425960.0,
,1983,426200.0,
,1983,1625520.0,
,1983,473890.0,
,1983,1600270.0,
,1983,2760490.0,
,1983,525930.0,
,1983,3858380.0,
,1983,40.0,
,1983,96100.0,
,1983,2011630.0,
,1983,744800.0,
,1983,154840.0,
,1983,632460.0,
,1983,161140.0,
,1983,5420.0,
,1983,5420.0,
,1983,16840.0,
,1983,318780.0,
,1983,318760.0,
,1983,1525900.0,
,1983,2250.0,
,1983,1712230.0,
,1983,99010.0,
,1983,25050.0,
,1983,3603780.0,
,1983,344440.0,
,1983,61230.0,
,1983,94140.0,
,1984,1298690.0,
,1984,1327160.0,
,1984,1102150.0,
,1984,6216340.0,
,1984,6216380.0,
,1984,310.0,
,1984,16930.0,
,1984,103310.0,
,1984,2350830.0,
,1984,722500.0,
,1984,2787060.0,
,1984,1236980.0,
,1984,1600000.0,
,1984,1600260.0,
,1984,434130.0,
,1984,434450.0,
,1984,1646440.0,
,1984,531630.0,
,1984,1736650.0,
,1984,2976840.0,
,1984,567890.0,
,1984,4013020.0,
,1984,30.0,
,1984,106440.0,
,1984,2153660.0,
,1984,771880.0,
,1984,164560.0,
,1984,651640.0,
,1984,168290.0,
,1984,6550.0,
,1984,6560.0,
,1984,18130.0,
,1984,330260.0,
,1984,330260.0,
,1984,1496920.0,
,1984,3150.0,
,1984,1864510.0,
,1984,99950.0,
,1984,28460.0,
,1984,4003230.0,
,1984,330510.0,
,1984,67890.0,
,1984,95050.0,
,1985,1309320.0,
,1985,1335250.0,
,1985,1173570.0,
,1985,6897370.0,
,1985,6897400.0,
,1985,930.0,
,1985,18440.0,
,1985,95980.0,
,1985,2949740.0,
,1985,708440.0,
,1985,3438940.0,
,1985,1350120.0,
,1985,1735940.0,
,1985,1736790.0,
,1985,433760.0,
,1985,434670.0,
,1985,1807490.0,
,1985,490810.0,
,1985,1726120.0,
,1985,2964610.0,
,1985,513200.0,
,1985,4091670.0,
,1985,260.0,
,1985,111320.0,
,1985,2199490.0,
,1985,854020.0,
,1985,195940.0,
,1985,739600.0,
,1985,185350.0,
,1985,6450.0,
,1985,6450.0,
,1985,19940.0,
,1985,319560.0,
,1985,319550.0,
,1985,1505190.0,
,1985,3510.0,
,1985,1885120.0,
,1985,100540.0,
,1985,25910.0,
,1985,4719530.0,
,1985,316030.0,
,1985,68160.0,
,1985,100780.0,
,1986,1433380.0,
,1986,1456200.0,
,1986,1200610.0,
,1986,7679390.0,
,1986,7679440.0,
,1986,1030.0,
,1986,18910.0,
,1986,111540.0,
,1986,3542860.0,
,1986,774590.0,
,1986,4004240.0,
,1986,1301360.0,
,1986,1712970.0,
,1986,1713920.0,
,1986,452580.0,
,1986,453580.0,
,1986,1778440.0,
,1986,546500.0,
,1986,1806340.0,
,1986,3220210.0,
,1986,575870.0,
,1986,4341490.0,
,1986,170.0,
,1986,117390.0,
,1986,2328110.0,
,1986,847970.0,
,1986,206770.0,
,1986,717510.0,
,1986,195540.0,
,1986,6090.0,
,1986,6080.0,
,1986,20180.0,
,1986,352650.0,
,1986,352650.0,
,1986,1573430.0,
,1986,4120.0,
,1986,2034370.0,
,1986,105150.0,
,1986,22790.0,
,1986,5339200.0,
,1986,353330.0,
,1986,67400.0,
,1986,111870.0,
,1987,1489790.0,
,1987,1515850.0,
,1987,1232370.0,
,1987,8347860.0,
,1987,8347910.0,
,1987,1060.0,
,1987,21540.0,
,1987,165070.0,
,1987,4116930.2,
,1987,848990.0,
,1987,4593930.0,
,1987,1407000.0,
,1987,1839580.0,
,1987,1840600.0,
,1987,467240.0,
,1987,468290.0,
,1987,1784020.0,
,1987,578830.0,
,1987,1870140.0,
,1987,3322280.0,
,1987,598460.0,
,1987,4473410.0,
,1987,370.0,
,1987,128509.99,
,1987,2407260.0,
,1987,853550.0,
,1987,193810.0,
,1987,666960.0,
,1987,209790.0,
,1987,7970.0,
,1987,7970.0,
,1987,23290.0,
,1987,378810.0,
,1987,378800.0,
,1987,1595420.0,
,1987,4400.0,
,1987,2086260.0,
,1987,108420.0,
,1987,26040.0,
,1987,6059870.0,
,1987,340140.0,
,1987,72300.0,
,1987,115380.0,
,1988,1579740.0,
,1988,1607790.0,
,1988,1218680.0,
,1988,8975180.0,
,1988,8975240.0,
,1988,1170.0,
,1988,19580.0,
,1988,160370.0,
,1988,4614980.0,
,1988,899390.0,
,1988,5058130.0,
,1988,1316140.0,
,1988,1807340.0,
,1988,1808470.0,
,1988,497680.0,
,1988,498870.0,
,1988,1864860.0,
,1988,572800.0,
,1988,1915940.0,
,1988,3473790.0,
,1988,588790.0,
,1988,4692810.0,
,1988,300.0,
,1988,120750.0,
,1988,2512480.0,
,1988,866070.0,
,1988,237960.0,
,1988,686100.0,
,1988,260890.02,
,1988,9660.0,
,1988,9660.0,
,1988,21070.0,
,1988,352630.0,
,1988,352630.0,
,1988,1634890.0,
,1988,4600.0,
,1988,2197480.0,
,1988,109800.0,
,1988,28050.0,
,1988,6440790.0,
,1988,345080.0,
,1988,84740.0,
,1988,121650.0,
,1989,1583060.0,
,1989,1612130.0,
,1989,1323330.0,
,1989,9468130.0,
,1989,9468160.0,
,1989,1250.0,
,1989,23730.0,
,1989,161440.0,
,1989,4916660.0,
,1989,879480.0,
,1989,5389460.0,
,1989,1434290.0,
,1989,1994960.0,
,1989,1996150.0,
,1989,508640.0,
,1989,509880.0,
,1989,2040370.0,
,1989,597440.0,
,1989,1904260.0,
,1989,3554730.0,
,1989,592130.0,
,1989,4841150.0,
,1989,310.0,
,1989,132650.0,
,1989,2502200.0,
,1989,973499.94,
,1989,225740.0,
,1989,788340.0,
,1989,320560.0,
,1989,11720.0,
,1989,11720.0,
,1989,25820.0,
,1989,349820.0,
,1989,349820.0,
,1989,1716410.0,
,1989,4430.0,
,1989,2279740.0,
,1989,118060.0,
,1989,29100.0,
,1989,6913140.0,
,1989,369830.0,
,1989,82550.0,
,1989,123250.0,
,1990,1701690.0,
,1990,1731910.0,
,1990,1260990.0,
,1990,10196240.0,
,1990,10196300.0,
,1990,1190.0,
,1990,27630.0,
,1990,133870.0,
,1990,5326400.0,
,1990,1000780.0,
,1990,5826640.0,
,1990,1280720.0,
,1990,1881139.9,
,1990,1882240.0,
,1990,505760.0,
,1990,506940.0,
,1990,2205080.0,
,1990,639780.0,
,1990,1995580.0,
,1990,3851930.0,
,1990,618470.0,
,1990,5187530.0,
,1990,340.0,
,1990,141470.0,
,1990,2649410.0,
,1990,917750.0,
,1990,245540.0,
,1990,756250.0,
,1990,358750.0,
,1990,13290.0,
,1990,13300.0,
,1990,29790.0,
,1990,343240.0,
,1990,343240.0,
,1990,1787580.0,
,1990,5160.0,
,1990,2502720.0,
,1990,118970.0,
,1990,30230.0,
,1990,7053610.0,
,1990,338970.0,
,1990,79370.0,
,1990,123800.0,
,1991,1575620.0,
,1991,1607400.0,
,1991,1314640.0,
,1991,10604610.0,
,1991,10604680.0,
,1991,1360.0,
,1991,25430.0,
,1991,133880.0,
,1991,5546230.0,
,1991,872300.0,
,1991,6026260.0,
,1991,1154030.0,
,1991,1761920.0,
,1991,1763150.0,
,1991,490990.0,
,1991,492310.0,
,1991,2201580.0,
,1991,589290.0,
,1991,1928350.0,
,1991,3847930.0,
,1991,564270.0,
,1991,5295410.0,
,1991,320.0,
,1991,131890.0,
,1991,2613190.0,
,1991,954070.0,
,1991,266920.0,
,1991,794780.0,
,1991,378670.0,
,1991,14150.0,
,1991,14150.0,
,1991,27210.0,
,1991,360550.0,
,1991,360550.0,
,1991,1849180.0,
,1991,5480.0,
,1991,2651680.0,
,1991,104230.0,
,1991,31800.0,
,1991,7219900.0,
,1991,330820.0,
,1991,77560.0,
,1991,126230.0,
,1992,1632060.0,
,1992,1665260.0,
,1992,1326570.0,
,1992,11489260.0,
,1992,11489360.0,
,1992,1360.0,
,1992,29480.0,
,1992,132840.0,
,1992,133160.0,
,1992,6170740.0,
,1992,900990.0,
,1992,6611000.0,
,1992,752750.0,
,1992,1357320.0,
,1992,1358600.0,
,1992,524960.0,
,1992,526330.0,
,1992,2136540.0,
,1992,847630.0,
,1992,2053270.0,
,1992,4032420.0,
,1992,644540.0,
,1992,5501340.0,
,1992,320.0,
,1992,145640.0,
,1992,2694740.0,
,1992,929770.0,
,1992,269230.0,
,1992,767450.0,
,1992,369460.0,
,1992,16260.0,
,1992,16260.0,
,1992,31560.0,
,1992,396800.0,
,1992,396790.0,
,1992,1876390.0,
,1992,4420.0,
,1992,2745420.0,
,1992,107330.0,
,1992,33200.0,
,1992,7551320.0,
,1992,344980.0,
,1992,123390.0,
,1992,129060.0,
,1993,1640530.0,
,1993,1678240.0,
,1993,1462430.0,
,1993,13120260.0,
,1993,13120360.0,
,1993,1360.0,
,1993,28640.0,
,1993,133900.0,
,1993,104300.0,
,1993,7408460.0,
,1993,896090.0,
,1993,7866990.0,
,1993,669300.0,
,1993,1317140.0,
,1993,1318360.0,
,1993,540370.0,
,1993,541700.0,
,1993,2333430.0,
,1993,771010.0,
,1993,2096840.1,
,1993,4275390.0,
,1993,605230.0,
,1993,5879030.0,
,1993,330.0,
,1993,162030.0,
,1993,2770040.0,
,1993,1028599.94,
,1993,274030.0,
,1993,866080.0,
,1993,409340.0,
,1993,16350.0,
,1993,16330.0,
,1993,30450.0,
,1993,433800.0,
,1993,433810.0,
,1993,2033750.0,
,1993,3940.0,
,1993,2997150.0,
,1993,106830.0,
,1993,37700.0,
,1993,8747270.0,
,1993,342140.0,
,1993,118170.0,
,1993,132890.0,
,1994,1632460.0,
,1994,1672660.0,
,1994,1491050.0,
,1994,14894950.0,
,1994,14895040.0,
,1994,1360.0,
,1994,35350.0,
,1994,137400.0,
,1994,83880.0,
,1994,8884650.0,
,1994,861600.0,
,1994,9351350.0,
,1994,647780.0,
,1994,1363090.0,
,1994,1364350.0,
,1994,538970.0,
,1994,540340.0,
,1994,2421750.0,
,1994,731100.0,
,1994,2147230.0,
,1994,4374070.0,
,1994,585680.0,
,1994,6130630.0,
,1994,320.0,
,1994,156250.0,
,1994,2888380.0,
,1994,1012710.0,
,1994,289010.0,
,1994,839960.0,
,1994,468390.0,
,1994,15220.0,
,1994,15220.0,
,1994,37150.0,
,1994,478350.0,
,1994,478340.0,
,1994,2204270.0,
,1994,3720.0,
,1994,3138300.0,
,1994,112610.0,
,1994,40200.0,
,1994,10261610.0,
,1994,362080.0,
,1994,117230.0,
,1994,135580.0,
,1995,1830310.0,
,1995,1871320.0,
,1995,1708920.0,
,1995,16902140.0,
,1995,16902270.0,
,1995,1360.0,
,1995,37300.0,
,1995,138710.0,
,1995,76310.0,
,1995,10471740.0,
,1995,912070.0,
,1995,10987670.0,
,1995,626360.0,
,1995,1427690.0,
,1995,1428900.0,
,1995,552470.0,
,1995,553840.0,
,1995,2695300.0,
,1995,794360.0,
,1995,2403040.0,
,1995,4812070.0,
,1995,663550.0,
,1995,6598280.0,
,1995,300.0,
,1995,173920.0,
,1995,3192480.0,
,1995,1127520.0,
,1995,319040.0,
,1995,951500.0,
,1995,538040.0,
,1995,18240.0,
,1995,18240.0,
,1995,39040.0,
,1995,581410.0,
,1995,581410.0,
,1995,2301040.0,
,1995,3220.0,
,1995,3422840.0,
,1995,113480.0,
,1995,41000.0,
,1995,11914450.0,
,1995,463080.0,
,1995,114410.0,
,1995,151030.0,
,1996,1770230.0,
,1996,1811720.0,
,1996,1665870.0,
,1996,18866950.0,
,1996,18867120.0,
,1996,1460.0,
,1996,49740.0,
,1996,147810.0,
,1996,62280.0,
,1996,12069140.0,
,1996,840660.0,
,1996,12607630.0,
,1996,597390.0,
,1996,1460020.0,
,1996,1461310.0,
,1996,541850.0,
,1996,543300.0,
,1996,2701150.0,
,1996,759990.0,
,1996,2382200.0,
,1996,4925450.0,
,1996,652000.0,
,1996,6836680.0,
,1996,300.0,
,1996,191240.0,
,1996,3191010.0,
,1996,1025470.0,
,1996,335380.0,
,1996,827900.0,
,1996,599140.0,
,1996,21070.0,
,1996,21070.0,
,1996,51970.0,
,1996,640430.0,
,1996,640420.0,
,1996,2434170.0,
,1996,3160.0,
,1996,3651590.0,
,1996,110990.0,
,1996,41500.0,
,1996,13582630.0,
,1996,441270.0,
,1996,111460.0,
,1996,153780.0,
,1997,1819120.0,
,1997,1862110.0,
,1997,1641700.0,
,1997,19512470.0,
,1997,19512660.0,
,1997,1360.0,
,1997,47910.0,
,1997,143140.0,
,1997,53510.0,
,1997,12541020.0,
,1997,893030.0,
,1997,13036330.0,
,1997,633490.0,
,1997,1560610.0,
,1997,1561790.0,
,1997,537740.0,
,1997,539110.0,
,1997,2684340.0,
,1997,753370.0,
,1997,2553900.0,
,1997,5198870.0,
,1997,656060.0,
,1997,7075520.0,
,1997,300.0,
,1997,174460.0,
,1997,3382760.0,
,1997,941580.0,
,1997,351530.0,
,1997,750530.0,
,1997,655260.0,
,1997,19460.0,
,1997,19470.0,
,1997,49960.0,
,1997,700140.0,
,1997,700130.0,
,1997,2406920.0,
,1997,3820.0,
,1997,3888180.0,
,1997,119580.0,
,1997,43000.0,
,1997,14135680.0,
,1997,439280.0,
,1997,127720.0,
,1997,153450.0,
,1998,1880370.0,
,1998,1925340.0,
,1998,1690860.0,
,1998,20032520.0,
,1998,20032670.0,
,1998,1360.0,
,1998,46860.0,
,1998,128700.0,
,1998,43890.0,
,1998,12952360.0,
,1998,886400.0,
,1998,13376270.0,
,1998,700520.0,
,1998,1667260.0,
,1998,1668430.0,
,1998,513700.0,
,1998,515050.0,
,1998,2679970.0,
,1998,706430.0,
,1998,2576060.0,
,1998,5371250.0,
,1998,607920.0,
,1998,7375250.0,
,1998,0.0,
,1998,150520.0,
,1998,3482040.0,
,1998,960090.0,
,1998,409820.0,
,1998,784520.0,
,1998,705570.0,
,1998,20620.0,
,1998,20630.0,
,1998,48710.0,
,1998,730790.0,
,1998,730780.0,
,1998,2377980.0,
,1998,4580.0,
,1998,4103700.2,
,1998,119470.0,
,1998,45000.0,
,1998,14623000.0,
,1998,474020.0,
,1998,130830.0,
,1998,142880.0,
,1999,1960960.0,
,1999,2005960.0,
,1999,1811040.0,
,1999,21617320.0,
,1999,21617460.0,
,1999,2130.0,
,1999,48110.0,
,1999,126500.0,
,1999,55790.0,
,1999,13707560.0,
,1999,887830.0,
,1999,14078680.0,
,1999,747150.0,
,1999,1782820.0,
,1999,1784820.0,
,1999,517070.0,
,1999,519200.0,
,1999,2803670.0,
,1999,775180.0,
,1999,2912540.0,
,1999,5795670.0,
,1999,628130.0,
,1999,8269110.0,
,1999,90.0,
,1999,166410.0,
,1999,3912620.0,
,1999,1065910.0,
,1999,455040.0,
,1999,891310.0,
,1999,785450.0,
,1999,22330.0,
,1999,22340.0,
,1999,50370.0,
,1999,745120.0,
,1999,745120.0,
,1999,2840170.0,
,1999,3970.0,
,1999,4500400.0,
,1999,113960.0,
,1999,45000.0,
,1999,15498470.0,
,1999,492710.0,
,1999,142430.0,
,1999,138250.0,
,2000,2080620.0,
,2000,2129620.0,
,2000,1904440.0,
,2000,22235750.0,
,2000,22235900.0,
,2000,38890.0,
,2000,145380.0,
,2000,59040.0,
,2000,14073510.0,
,2000,913330.0,
,2000,14423820.0,
,2000,724750.0,
,2000,1769800.0,
,2000,1769580.0,
,2000,516190.0,
,2000,516150.03,
,2000,2834990.0,
,2000,834540.0,
,2000,3121970.0,
,2000,5907750.0,
,2000,673020.0,
,2000,8589510.0,
,2000,2190.0,
,2000,197270.0,
,2000,4162799.8,
,2000,999920.0,
,2000,513210.03,
,2000,815670.0,
,2000,790670.0,
,2000,26730.0,
,2000,26730.0,
,2000,43530.0,
,2000,904510.0,
,2000,904510.0,
,2000,3084290.0,
,2000,4460.0,
,2000,4530690.0,
,2000,114720.0,
,2000,49000.0,
,2000,15928220.0,
,2000,501340.0,
,2000,138050.0,
,2000,139450.0,
,2001,2070350.0,
,2001,2124340.0,
,2001,2138360.0,
,2001,23258430.0,
,2001,23258590.0,
,2001,33190.0,
,2001,136500.0,
,2001,42940.0,
,2001,14472730.0,
,2001,857920.0,
,2001,14854410.0,
,2001,679220.0,
,2001,1761140.0,
,2001,1760980.0,
,2001,528600.0,
,2001,528610.0,
,2001,3188550.0,
,2001,796850.0,
,2001,3411000.0,
,2001,6168680.0,
,2001,650960.0,
,2001,9228830.0,
,2001,80.0,
,2001,189190.0,
,2001,4425850.0,
,2001,1048550.0,
,2001,558520.0,
,2001,878860.0,
,2001,820650.0,
,2001,28920.0,
,2001,28910.0,
,2001,35580.0,
,2001,1089790.0,
,2001,1089800.0,
,2001,3415460.0,
,2001,4700.0,
,2001,4816890.0,
,2001,118800.0,
,2001,54000.0,
,2001,16197240.0,
,2001,514000.0,
,2001,128890.0,
,2001,142320.0,
,2002,2126690.0,
,2002,2180270.0,
,2002,2128250.0,
,2002,23974130.0,
,2002,23974260.0,
,2002,37240.0,
,2002,134720.0,
,2002,44140.0,
,2002,15172990.0,
,2002,833110.0,
,2002,15551050.0,
,2002,647140.0,
,2002,1754180.0,
,2002,1754050.0,
,2002,496260.0,
,2002,496260.0,
,2002,3161530.0,
,2002,813190.0,
,2002,3548040.0,
,2002,6071980.0,
,2002,657600.0,
,2002,9287230.0,
,2002,70.0,
,2002,202740.0,
,2002,4569650.0,
,2002,1017410.0,
,2002,571180.0,
,2002,845450.0,
,2002,855660.0,
,2002,29220.0,
,2002,29220.0,
,2002,39660.0,
,2002,1110830.0,
,2002,1110830.0,
,2002,3590520.0,
,2002,4910.0,
,2002,4665950.0,
,2002,110060.0,
,2002,53600.0,
,2002,16912660.0,
,2002,568330.0,
,2002,122610.0,
,2002,141190.0,
,2003,2233420.0,
,2003,2289000.0,
,2003,2226270.0,
,2003,25178570.0,
,2003,25178710.0,
,2003,32770.0,
,2003,165240.0,
,2003,45410.0,
,2003,15853350.0,
,2003,871810.0,
,2003,16284220.0,
,2003,697050.0,
,2003,1837080.0,
,2003,1836900.0,
,2003,498980.0,
,2003,498970.0,
,2003,3322470.0,
,2003,876610.0,
,2003,3752470.0,
,2003,6251170.0,
,2003,723390.0,
,2003,9742090.0,
,2003,390.0,
,2003,192770.0,
,2003,4800960.0,
,2003,1106640.0,
,2003,636270.0,
,2003,908640.0,
,2003,888450.0,
,2003,27530.0,
,2003,27530.0,
,2003,34980.0,
,2003,1119620.0,
,2003,1119630.0,
,2003,3902460.0,
,2003,5890.0,
,2003,4822070.0,
,2003,113510.0,
,2003,55600.0,
,2003,17724790.0,
,2003,582270.0,
,2003,124550.0,
,2003,137890.0,
,2004,2383830.0,
,2004,2442900.0,
,2004,2344890.0,
,2004,27125600.0,
,2004,27125700.0,
,2004,36620.0,
,2004,179090.0,
,2004,53030.0,
,2004,16670789.0,
,2004,1033079.94,
,2004,17079660.0,
,2004,584600.0,
,2004,1770090.0,
,2004,1769930.0,
,2004,474740.0,
,2004,474720.0,
,2004,3380260.0,
,2004,1020790.0,
,2004,4256060.0,
,2004,6818520.0,
,2004,867150.0,
,2004,10701280.0,
,2004,300.0,
,2004,197750.0,
,2004,5323590.0,
,2004,1097580.0,
,2004,637060.0,
,2004,881840.0,
,2004,951330.0,
,2004,28690.0,
,2004,28700.0,
,2004,39130.0,
,2004,1247340.0,
,2004,1247340.0,
,2004,4603820.0,
,2004,5140.0,
,2004,5248360.0,
,2004,103050.0,
,2004,59100.0,
,2004,18708690.0,
,2004,569880.0,
,2004,140820.0,
,2004,130950.0,
,2005,2549860.0,
,2005,2605230.0,
,2005,2426030.0,
,2005,29199810.0,
,2005,29199890.0,
,2005,28110.0,
,2005,200450.0,
,2005,58070.0,
,2005,17650240.0,
,2005,1108470.0,
,2005,18037730.0,
,2005,703910.0,
,2005,1853610.0,
,2005,1853510.0,
,2005,454410.0,
,2005,454400.0,
,2005,3414460.0,
,2005,1064620.0,
,2005,4594680.0,
,2005,7524540.0,
,2005,907290.0,
,2005,11921410.0,
,2005,210.0,
,2005,208450.0,
,2005,5692140.0,
,2005,1166440.0,
,2005,635550.0,
,2005,937860.0,
,2005,933410.0,
,2005,32870.0,
,2005,32860.0,
,2005,30560.0,
,2005,1259610.0,
,2005,1259610.0,
,2005,5123550.0,
,2005,5280.0,
,2005,5822110.0,
,2005,98830.0,
,2005,55400.0,
,2005,19843570.0,
,2005,647480.0,
,2005,158420.0,
,2005,117350.0,
,2006,2506720.0,
,2006,2560290.0,
,2006,2392420.0,
,2006,31244430.0,
,2006,31244490.0,
,2006,33500.0,
,2006,198880.0,
,2006,54850.0,
,2006,18631030.0,
,2006,1076690.0,
,2006,18991650.0,
,2006,719980.0,
,2006,1920060.0,
,2006,1919950.0,
,2006,456330.0,
,2006,456320.0,
,2006,3349900.0,
,2006,1018190.0,
,2006,4960270.0,
,2006,7888610.0,
,2006,874100.0,
,2006,12951220.0,
,2006,120.0,
,2006,204190.0,
,2006,6167140.0,
,2006,1059400.0,
,2006,624330.0,
,2006,827020.0,
,2006,983430.0,
,2006,37690.0,
,2006,37680.0,
,2006,36270.0,
,2006,1333010.0,
,2006,1333020.0,
,2006,5775920.0,
,2006,5280.0,
,2006,6237620.0,
,2006,102220.0,
,2006,53600.0,
,2006,20928710.0,
,2006,649800.0,
,2006,184460.0,
,2006,114330.0,
,2007,2703690.0,
,2007,2765420.0,
,2007,2426070.0,
,2007,32724620.0,
,2007,32724700.0,
,2007,44030.0,
,2007,197160.0,
,2007,62350.0,
,2007,19354210.0,
,2007,1234430.0,
,2007,19725720.0,
,2007,831710.0,
,2007,2157990.0,
,2007,2157880.0,
,2007,456760.0,
,2007,456760.0,
,2007,3534470.0,
,2007,1128350.0,
,2007,5369080.0,
,2007,8049950.0,
,2007,960670.0,
,2007,13810060.0,
,2007,50.0,
,2007,214050.0,
,2007,6541750.0,
,2007,1146760.0,
,2007,645280.0,
,2007,905570.0,
,2007,1100850.0,
,2007,44630.0,
,2007,44620.0,
,2007,46780.0,
,2007,1279320.0,
,2007,1279310.0,
,2007,6472160.0,
,2007,5330.0,
,2007,6274890.0,
,2007,110210.0,
,2007,61760.0,
,2007,21774860.0,
,2007,666320.0,
,2007,189580.0,
,2007,115100.0,
,2008,2838360.0,
,2008,2903220.0,
,2008,2394050.0,
,2008,35063470.0,
,2008,35063540.0,
,2008,43530.0,
,2008,185840.0,
,2008,77920.0,
,2008,20251660.0,
,2008,1131280.0,
,2008,20553560.0,
,2008,735480.0,
,2008,2045900.0,
,2008,2045780.0,
,2008,442620.0,
,2008,442600.0,
,2008,3330400.0,
,2008,1134640.0,
,2008,5440980.0,
,2008,8875850.0,
,2008,953890.0,
,2008,15425100.0,
,2008,20.0,
,2008,212090.0,
,2008,6722480.0,
,2008,1002190.0,
,2008,744620.0,
,2008,772810.0,
,2008,1083390.0,
,2008,43330.0,
,2008,43330.0,
,2008,47690.0,
,2008,1391870.0,
,2008,1391860.0,
,2008,7198460.0,
,2008,5540.0,
,2008,7056730.0,
,2008,107890.0,
,2008,64900.0,
,2008,22712990.0,
,2008,809690.0,
,2008,176870.0,
,2008,119020.0,
,2009,2936020.0,
,2009,3004210.0,
,2009,2457540.0,
,2009,36854548.0,
,2009,36854640.0,
,2009,40480.0,
,2009,181500.0,
,2009,62110.0,
,2009,21355580.0,
,2009,1196010.0,
,2009,21709820.0,
,2009,1028439.94,
,2009,2461370.0,
,2009,2461270.0,
,2009,444580.0,
,2009,444580.0,
,2009,3484280.0,
,2009,1174700.0,
,2009,5903830.0,
,2009,9109460.0,
,2009,1012700.0,
,2009,16066910.0,
,2009,10.0,
,2009,203020.0,
,2009,7235740.0,
,2009,1008720.0,
,2009,786500.0,
,2009,786740.0,
,2009,1213460.0,
,2009,50890.0,
,2009,50880.0,
,2009,44410.0,
,2009,1448840.0,
,2009,1448830.0,
,2009,7648430.0,
,2009,5600.0,
,2009,7250420.0,
,2009,105670.0,
,2009,68200.0,
,2009,24226580.0,
,2009,813080.0,
,2009,183870.0,
,2009,113710.0,
,2010,3636450.0,
,2010,3636430.0,
,2010,2351760.0,
,2010,38556852.0,
,2010,38556940.0,
,2010,34330.0,
,2010,178370.0,
,2010,73820.0,
,2010,21612520.0,
,2010,1279720.0,
,2010,21925650.0,
,2010,819340.0,
,2010,2334250.0,
,2010,2334190.0,
,2010,433790.0,
,2010,433810.0,
,2010,3424040.0,
,2010,1327540.0,
,2010,6283500.0,
,2010,11840460.0,
,2010,1316030.0,
,2010,17960550.0,
,2010,10.0,
,2010,477810.0,
,2010,7902880.0,
,2010,1036610.0,
,2010,990510.0,
,2010,823910.0,
,2010,1296770.0,
,2010,67100.0,
,2010,67100.0,
,2010,50620.0,
,2010,1315150.0,
,2010,1315140.0,
,2010,8301639.5,
,2010,5570.0,
,2010,8062120.0,
,2010,104250.0,
,2010,24213470.0,
,2010,882820.0,
,2010,193710.0,
,2010,113830.0,
,2011,3843620.0,
,2011,3843590.0,
,2011,2516550.0,
,2011,39315020.0,
,2011,39315108.0,
,2011,27100.0,
,2011,201990.0,
,2011,69330.0,
,2011,22296960.0,
,2011,1355730.0,
,2011,22554950.0,
,2011,1004100.0,
,2011,2626210.0,
,2011,2626150.0,
,2011,411260.0,
,2011,411270.0,
,2011,3608330.0,
,2011,1371930.0,
,2011,6628560.0,
,2011,11550970.0,
,2011,1365610.0,
,2011,18297870.0,
,2011,10.0,
,2011,477670.0,
,2011,8383429.5,
,2011,993600.06,
,2011,1059860.0,
,2011,764510.0,
,2011,1428810.0,
,2011,73830.0,
,2011,73820.0,
,2011,42630.0,
,2011,1522950.0,
,2011,1522950.0,
,2011,8841490.0,
,2011,5990.0,
,2011,7627820.0,
,2011,100970.0,
,2011,25068330.0,
,2011,944350.0,
,2011,221530.0,
,2011,92260.0,
,2012,3934430.0,
,2012,3934440.0,
,2012,2674430.0,
,2012,41906268.0,
,2012,41906320.0,
,2012,27260.0,
,2012,210880.0,
,2012,79130.0,
,2012,22899740.0,
,2012,1395980.0,
,2012,23152800.0,
,2012,960790.0,
,2012,2766110.0,
,2012,2766030.0,
,2012,410080.0,
,2012,410070.0,
,2012,3925090.0,
,2012,1404520.0,
,2012,6897160.0,
,2012,12812530.0,
,2012,1379090.0,
,2012,20207100.0,
,2012,20.0,
,2012,477690.0,
,2012,8660060.0,
,2012,940860.0,
,2012,1095780.0,
,2012,702700.0,
,2012,1617130.0,
,2012,79890.0,
,2012,79900.0,
,2012,43280.0,
,2012,1733590.0,
,2012,1733590.0,
,2012,9751270.0,
,2012,6450.0,
,2012,8667760.0,
,2012,95700.0,
,2012,25802000.0,
,2012,958530.0,
,2012,255360.0,
,2012,92400.0,
,2013,4181330.0,
,2013,4181290.0,
,2013,2869580.0,
,2013,44398500.0,
,2013,44398540.0,
,2013,30090.0,
,2013,223460.0,
,2013,89210.0,
,2013,24216040.0,
,2013,1436870.0,
,2013,24495680.0,
,2013,989570.0,
,2013,2737250.0,
,2013,2737170.0,
,2013,428120.0,
,2013,428130.0,
,2013,4063740.0,
,2013,1498880.0,
,2013,7317130.0,
,2013,13188940.0,
,2013,1465120.0,
,2013,21586330.0,
,2013,20.0,
,2013,500680.0,
,2013,9219080.0,
,2013,1165990.0,
,2013,1194020.0,
,2013,912440.0,
,2013,1558640.0,
,2013,77150.0,
,2013,77150.0,
,2013,46780.0,
,2013,1703580.0,
,2013,1703590.0,
,2013,10560380.0,
,2013,6810.0,
,2013,8984870.0,
,2013,92900.0,
,2013,27099280.0,
,2013,1042910.06,
,2013,268390.0,
,2013,96060.0,
,2014,4298490.0,
,2014,4298480.0,
,2014,3007730.0,
,2014,46132010.0,
,2014,46132040.0,
,2014,33270.0,
,2014,281520.0,
,2014,100760.0,
,2014,25255330.0,
,2014,1487200.0,
,2014,25521940.0,
,2014,907340.0,
,2014,2755300.0,
,2014,2755200.0,
,2014,430900.0,
,2014,430880.0,
,2014,4131950.0,
,2014,1612170.0,
,2014,7553000.0,
,2014,13554520.0,
,2014,1525620.0,
,2014,22392260.0,
,2014,0.0,
,2014,498510.0,
,2014,9510540.0,
,2014,1030290.0,
,2014,1218080.0,
,2014,715500.0,
,2014,1664620.0,
,2014,74000.0,
,2014,74000.0,
,2014,48910.0,
,2014,1977450.0,
,2014,1977440.0,
,2014,10853980.0,
,2014,7860.0,
,2014,9388470.0,
,2014,88200.0,
,2014,28165980.0,
,2014,1086830.0,
,2014,266880.0,
,2014,95040.0,
,2015,4295850.0,
,2015,4295870.0,
,2015,3080260.0,
,2015,47846280.0,
,2015,47846360.0,
,2015,33980.0,
,2015,289760.0,
,2015,118190.0,
,2015,26272720.0,
,2015,1503100.0,
,2015,26527800.0,
,2015,908950.0,
,2015,2806530.0,
,2015,2806450.0,
,2015,435840.0,
,2015,435850.0,
,2015,4217420.0,
,2015,1579310.0,
,2015,7722610.0,
,2015,14110310.0,
,2015,1489980.0,
,2015,23173130.0,
,2015,0.0,
,2015,482830.0,
,2015,9682980.0,
,2015,1229230.0,
,2015,1228560.0,
,2015,905490.0,
,2015,1713690.0,
,2015,82460.0,
,2015,82470.0,
,2015,49780.0,
,2015,1851030.0,
,2015,1851020.0,
,2015,11090360.0,
,2015,6910.0,
,2015,9877280.0,
,2015,91290.0,
,2015,29192090.0,
,2015,1074470.0,
,2015,232710.0,
,2015,92520.0,
,2016,4509970.0,
,2016,4509980.0,
,2016,2838720.0,
,2016,49854228.0,
,2016,49854268.0,
,2016,30840.0,
,2016,343420.0,
,2016,126560.0,
,2016,27060960.0,
,2016,1497140.0,
,2016,27285600.0,
,2016,1056250.0,
,2016,2907220.0,
,2016,2907140.0,
,2016,454390.0,
,2016,454370.0,
,2016,3815140.0,
,2016,1650610.0,
,2016,8000940.0,
,2016,14937450.0,
,2016,1551380.0,
,2016,24624690.0,
,2016,0.0,
,2016,472360.0,
,2016,10099410.0,
,2016,1065730.0,
,2016,1399070.0,
,2016,691440.0,
,2016,1661340.0,
,2016,90470.0,
,2016,90490.0,
,2016,46740.0,
,2016,1773020.0,
,2016,1773010.0,
,2016,11514960.0,
,2016,6900.0,
,2016,10683030.0,
,2016,95440.0,
,2016,30177300.0,
,2016,1134520.0,
,2016,244120.0,
,2016,94100.0,
,2017,4639270.0,
,2017,4639250.0,
,2017,3144620.0,
,2017,51937450.0,
,2017,51937490.0,
,2017,33550.0,
,2017,315090.0,
,2017,134730.0,
,2017,27233520.0,
,2017,1553340.0,
,2017,27437520.0,
,2017,993210.0,
,2017,2852890.0,
,2017,2852850.0,
,2017,455210.0,
,2017,455220.0,
,2017,4121140.0,
,2017,1726660.0,
,2017,8460840.0,
,2017,15898420.0,
,2017,1619140.0,
,2017,26610190.0,
,2017,0.0,
,2017,475550.0,
,2017,10568750.0,
,2017,1221630.0,
,2017,1426940.0,
,2017,872970.0,
,2017,1676690.0,
,2017,89930.0,
,2017,89930.0,
,2017,49690.0,
,2017,1923010.0,
,2017,1923010.0,
,2017,12710620.0,
,2017,7240.0,
,2017,11405730.0,
,2017,92060.0,
,2017,30287340.0,
,2017,1176190.0,
,2017,248890.0,
,2017,90890.0,
,2018,4809090.0,
,2018,4809080.0,
,2018,3070130.0,
,2018,52726480.0,
,2018,52726540.0,
,2018,31050.0,
,2018,364070.0,
,2018,141940.0,
,2018,27115890.0,
,2018,1619480.0,
,2018,27318420.0,
,2018,1334770.0,
,2018,3154520.0,
,2018,3154480.0,
,2018,448200.0,
,2018,448220.0,
,2018,3955840.0,
,2018,1834370.0,
,2018,8711890.0,
,2018,17371820.0,
,2018,1674510.0,
,2018,27630760.0,
,2018,0.0,
,2018,486490.0,
,2018,10950470.0,
,2018,1094150.0,
,2018,1549560.0,
,2018,699000.0,
,2018,1641780.0,
,2018,101290.0,
,2018,101290.0,
,2018,47240.0,
,2018,1976010.0,
,2018,1976010.0,
,2018,12467850.0,
,2018,8540.0,
,2018,12552520.0,
,2018,83530.0,
,2018,30574250.0,
,2018,1145010.0,
,2018,245820.0,
,2018,94400.0,
,2019,4997080.0,
,2019,4997040.0,
,2019,3229010.0,
,2019,54158630.0,
,2019,54158692.0,
,2019,29210.0,
,2019,296850.0,
,2019,173420.0,
,2019,27075880.0,
,2019,1761440.0,
,2019,27281100.0,
,2019,1155810.0,
,2019,3018240.0,
,2019,3018170.0,
,2019,455820.0,
,2019,455830.0,
,2019,4178300.0,
,2019,2001480.0,
,2019,9006740.0,
,2019,18388700.0,
,2019,1810670.0,
,2019,29152460.0,
,2019,10.0,
,2019,479640.0,
,2019,11302650.0,
,2019,1103600.0,
,2019,1605400.0,
,2019,777520.0,
,2019,1676310.0,
,2019,91750.0,
,2019,91750.0,
,2019,45750.0,
,2019,2125440.0,
,2019,2125420.0,
,2019,13115240.0,
,2019,8740.0,
,2019,13331630.0,
,2019,90270.0,
,2019,30327080.0,
,2019,1141830.0,
,2019,257310.0,
,2019,95780.0,
,2020,4997080.0,
,2020,4997040.0,
,2020,3229010.0,
,2020,54158630.0,
,2020,54158692.0,
,2020,29210.0,
,2020,296850.0,
,2020,173420.0,
,2020,27075880.0,
,2020,1761440.0,
,2020,27281100.0,
,2020,1155810.0,
,2020,3018240.0,
,2020,3018170.0,
,2020,455820.0,
,2020,455830.0,
,2020,4178300.0,
,2020,2001480.0,
,2020,9006740.0,
,2020,18388700.0,
,2020,1810670.0,
,2020,29152460.0,
,2020,10.0,
,2020,479640.0,
,2020,11302650.0,
,2020,1103600.0,
,2020,1605400.0,
,2020,777520.0,
,2020,1676310.0,
,2020,91750.0,
,2020,91750.0,
,2020,45750.0,
,2020,2125440.0,
,2020,2125420.0,
,2020,13115240.0,
,2020,8740.0,
,2020,13331630.0,
,2020,90270.0,
,2020,30327080.0,
,2020,1141830.0,
,2020,257310.0,
,2020,95780.0,
